net
{
}
node AMCINInScen
{
	states = ("LessThanAve" "Average" "MoreThanAve" );
	position = (0 0);
	label = "AMCINInScen";
}
node AMDewptCalPl
{
	states = ("Instability" "Neutral" "Stability" );
	position = (10 -10);
	label = "AMDewptCalPl";
}
node AMInsWliScen
{
	states = ("LessUnstable" "Average" "MoreUnstable" );
	position = (20 -20);
	label = "AMInsWliScen";
}
node AMInstabMt
{
	states = ("None" "Weak" "Strong" );
	position = (30 -30);
	label = "AMInstabMt";
}
node AreaMeso_ALS
{
	states = ("StrongUp" "WeakUp" "Neutral" "Down" );
	position = (40 -40);
	label = "AreaMeso_ALS";
}
node AreaMoDryAir
{
	states = ("VeryWet" "Wet" "Neutral" "Dry" );
	position = (50 -50);
	label = "AreaMoDryAir";
}
node Boundaries
{
	states = ("None" "Weak" "Strong" );
	position = (60 -60);
	label = "Boundaries";
}
node CapChange
{
	states = ("Decreasing" "LittleChange" "Increasing" );
	position = (70 -70);
	label = "CapChange";
}
node CapInScen
{
	states = ("LessThanAve" "Average" "MoreThanAve" );
	position = (80 -80);
	label = "CapInScen";
}
node CldShadeConv
{
	states = ("None" "Some" "Marked" );
	position = (90 -90);
	label = "CldShadeConv";
}
node CldShadeOth
{
	states = ("Cloudy" "PC" "Clear" );
	position = (100 -100);
	label = "CldShadeOth";
}
node CombClouds
{
	states = ("Cloudy" "PC" "Clear" );
	position = (110 -110);
	label = "CombClouds";
}
node CombMoisture
{
	states = ("VeryWet" "Wet" "Neutral" "Dry" );
	position = (120 -120);
	label = "CombMoisture";
}
node CombVerMo
{
	states = ("StrongUp" "WeakUp" "Neutral" "Down" );
	position = (130 -130);
	label = "CombVerMo";
}
node CompPlFcst
{
	states = ("IncCapDecIns" "LittleChange" "DecCapIncIns" );
	position = (140 -140);
	label = "CompPlFcst";
}
node CurPropConv
{
	states = ("None" "Slight" "Moderate" "Strong" );
	position = (150 -150);
	label = "CurPropConv";
}
node Date
{
	states = ("May15_Jun14" "Jun15_Jul1" "Jul2_Jul15" "Jul16_Aug10" "Aug11_Aug20" "Aug20_Sep15" );
	position = (160 -160);
	label = "Date";
}
node Dewpoints
{
	states = ("LowEvrywhere" "LowAtStation" "LowSHighN" "LowNHighS" "LowMtsHighPl" "HighEvrywher" "Other" );
	position = (170 -170);
	label = "Dewpoints";
}
node IRCloudCover
{
	states = ("Cloudy" "PC" "Clear" );
	position = (180 -180);
	label = "IRCloudCover";
}
node InsChange
{
	states = ("Decreasing" "LittleChange" "Increasing" );
	position = (190 -190);
	label = "InsChange";
}
node InsInMt
{
	states = ("None" "Weak" "Strong" );
	position = (200 -200);
	label = "InsInMt";
}
node InsSclInScen
{
	states = ("LessUnstable" "Average" "MoreUnstable" );
	position = (210 -210);
	label = "InsSclInScen";
}
node LIfr12ZDENSd
{
	states = ("LIGt0" "N1GtLIGt_4" "N5GtLIGt_8" "LILt_8" );
	position = (220 -220);
	label = "LIfr12ZDENSd";
}
node LLIW
{
	states = ("Unfavorable" "Weak" "Moderate" "Strong" );
	position = (230 -230);
	label = "LLIW";
}
node LatestCIN
{
	states = ("None" "PartInhibit" "Stifling" "TotalInhibit" );
	position = (240 -240);
	label = "LatestCIN";
}
node LoLevMoistAd
{
	states = ("StrongPos" "WeakPos" "Neutral" "Negative" );
	position = (250 -250);
	label = "LoLevMoistAd";
}
node LowLLapse
{
	states = ("CloseToDryAd" "Steep" "ModerateOrLe" "Stable" );
	position = (260 -260);
	label = "LowLLapse";
}
node MeanRH
{
	states = ("VeryMoist" "Average" "Dry" );
	position = (270 -270);
	label = "MeanRH";
}
node MidLLapse
{
	states = ("CloseToDryAd" "Steep" "ModerateOrLe" );
	position = (280 -280);
	label = "MidLLapse";
}
node MorningBound
{
	states = ("None" "Weak" "Strong" );
	position = (290 -290);
	label = "MorningBound";
}
node MorningCIN
{
	states = ("None" "PartInhibit" "Stifling" "TotalInhibit" );
	position = (300 -300);
	label = "MorningCIN";
}
node MountainFcst
{
	states = ("NIL" "SIG" "SVR" );
	position = (310 -310);
	label = "MountainFcst";
}
node MvmtFeatures
{
	states = ("StrongFront" "MarkedUpper" "OtherRapid" "NoMajor" );
	position = (320 -320);
	label = "MvmtFeatures";
}
node N0_7muVerMo
{
	states = ("StrongUp" "WeakUp" "Neutral" "Down" );
	position = (330 -330);
	label = "N0_7muVerMo";
}
node N34StarFcst
{
	states = ("NIL" "SIG" "SVR" );
	position = (340 -340);
	label = "N34StarFcst";
}
node OutflowFrMt
{
	states = ("None" "Weak" "Strong" );
	position = (350 -350);
	label = "OutflowFrMt";
}
node PlainsFcst
{
	states = ("NIL" "SIG" "SVR" );
	position = (360 -360);
	label = "PlainsFcst";
}
node QGVertMotion
{
	states = ("StrongUp" "WeakUp" "Neutral" "Down" );
	position = (370 -370);
	label = "QGVertMotion";
}
node R5Fcst
{
	states = ("NIL" "SIG" "SVR" );
	position = (380 -380);
	label = "R5Fcst";
}
node RHRatio
{
	states = ("MoistMDryL" "DryMMoistL" "Other" );
	position = (390 -390);
	label = "RHRatio";
}
node RaoContMoist
{
	states = ("VeryWet" "Wet" "Neutral" "Dry" );
	position = (400 -400);
	label = "RaoContMoist";
}
node SatContMoist
{
	states = ("VeryWet" "Wet" "Neutral" "Dry" );
	position = (410 -410);
	label = "SatContMoist";
}
node ScenRel3_4
{
	states = ("ACEFK" "B" "D" "GJ" "HI" );
	position = (420 -420);
	label = "ScenRel3_4";
}
node ScenRelAMCIN
{
	states = ("AB" "CThruK" );
	position = (430 -430);
	label = "ScenRelAMCIN";
}
node ScenRelAMIns
{
	states = ("ABI" "CDEJ" "F" "G" "H" "K" );
	position = (440 -440);
	label = "ScenRelAMIns";
}
node Scenario
{
	states = ("A" "B" "C" "D" "E" "F" "G" "H" "I" "J" "K" );
	position = (450 -450);
	label = "Scenario";
}
node ScnRelPlFcst
{
	states = ("A" "B" "C" "D" "E" "F" "G" "H" "I" "J" "K" );
	position = (460 -460);
	label = "ScnRelPlFcst";
}
node SfcWndShfDis
{
	states = ("DenvCyclone" "E_W_N" "E_W_S" "MovingFtorOt" "DryLine" "None" "Other" );
	position = (470 -470);
	label = "SfcWndShfDis";
}
node SubjVertMo
{
	states = ("StronUp" "WeakUp" "Neutral" "Down" );
	position = (480 -480);
	label = "SubjVertMo";
}
node SynForcng
{
	states = ("SigNegative" "NegToPos" "SigPositive" "PosToNeg" "LittleChange" );
	position = (490 -490);
	label = "SynForcng";
}
node TempDis
{
	states = ("QStationary" "Moving" "None" "Other" );
	position = (500 -500);
	label = "TempDis";
}
node VISCloudCov
{
	states = ("Cloudy" "PC" "Clear" );
	position = (510 -510);
	label = "VISCloudCov";
}
node WindAloft
{
	states = ("LV" "SWQuad" "NWQuad" "AllElse" );
	position = (520 -520);
	label = "WindAloft";
}
node WindFieldMt
{
	states = ("Westerly" "LVorOther" );
	position = (530 -530);
	label = "WindFieldMt";
}
node WindFieldPln
{
	states = ("LV" "DenvCyclone" "LongAnticyc" "E_NE" "SEQuad" "WidespdDnsl" );
	position = (540 -540);
	label = "WindFieldPln";
}
node WndHodograph
{
	states = ("DCVZFavor" "StrongWest" "Westerly" "Other" );
	position = (550 -550);
	label = "WndHodograph";
}
potential ( AMDewptCalPl | )
{
	data = (	0.34080382590310443	0.42176592264267243	0.23743025145422314	);
}
potential ( AMInstabMt | )
{
	data = (	0.6757549810998588	0.1583337717361768	0.16591124716396435	);
}
potential ( IRCloudCover | )
{
	data = (	0.4007880639561878	0.19711831429940557	0.4020936217444066	);
}
potential ( MorningBound | )
{
	data = (	0.48164669352649386	0.3614828121820467	0.1568704942914594	);
}
potential ( VISCloudCov | )
{
	data = (	0.34693365855236774	0.5476935083482773	0.10537283309935493	);
}
potential ( LIfr12ZDENSd | )
{
	data = (	0.22040915719659473	0.4280293504918931	0.09354009299573768	0.25802139931577467	);
}
potential ( LLIW | )
{
	data = (	0.21433082231394926	0.3464347285528733	0.18185643268089324	0.25737801645228436	);
}
potential ( LatestCIN | )
{
	data = (	0.147440008918635	0.6692475980227166	0.03122245201793122	0.15208994104071732	);
}
potential ( LoLevMoistAd | )
{
	data = (	0.21552522870908122	0.22603364167818923	0.38023531265229427	0.17820581696043533	);
}
potential ( MorningCIN | )
{
	data = (	0.24115471087954093	0.11960564492787408	0.29296960905662445	0.3462700351359606	);
}
potential ( N0_7muVerMo | )
{
	data = (	0.5443179498681792	0.05046331119200866	0.2787867225363416	0.12643201640347065	);
}
potential ( QGVertMotion | )
{
	data = (	0.17679296806347589	0.2947295760692023	0.2156382818001279	0.31283917406719386	);
}
potential ( RaoContMoist | )
{
	data = (	0.007228777824257465	0.17358153196978932	0.7822356494759984	0.036954040729954826	);
}
potential ( SatContMoist | )
{
	data = (	0.5229453499666771	0.0682756581692149	0.3473169294727643	0.06146206239134361	);
}
potential ( SubjVertMo | )
{
	data = (	0.31414532935607076	0.249655539208891	0.16844023732155844	0.2677588941134797	);
}
potential ( WndHodograph | )
{
	data = (	0.0684294337695642	0.27388928064151863	0.5385942103692474	0.1190870752196698	);
}
potential ( Date | )
{
	data = (	0.22729737082585205	0.023689321731167223	0.11826444550040534	0.22891020518715158	0.16159017230961223	0.24024848444581162	);
}
potential ( CapChange | CompPlFcst )
{
	data = ((	0.4467238141288274	0.26864786707911753	0.2846283187920552	)
		(	0.3393563240451705	0.32059210583118064	0.3400515701236488	)
		(	9.50499436427442E-4	0.3708782264259924	0.6281712741375801	));
}
potential ( MountainFcst | InsInMt )
{
	data = ((	0.4429941598655533	0.19482111579927414	0.36218472433517257	)
		(	0.629537615356084	0.24773034865682983	0.12273203598708604	)
		(	0.07319523859554908	0.3638090781908671	0.5629956832135838	));
}
potential ( AreaMeso_ALS | CombVerMo )
{
	data = ((	0.24978567507791838	0.14289750900361803	0.46408908370801394	0.14322773221044968	)
		(	0.31799455252758346	0.07349519792121315	0.299733475432793	0.3087767741184104	)
		(	0.39716586322184877	0.03906223860429142	0.5291570909547765	0.03461480721908331	)
		(	0.41307234328565895	0.09314785094661435	0.17712580424859556	0.31665400151913126	));
}
potential ( ScenRelAMCIN | Scenario )
{
	data = ((	0.8570867249174835	0.14291327508251658	)
		(	0.453727301349985	0.546272698650015	)
		(	0.4965755049058461	0.5034244950941539	)
		(	0.5819888797604265	0.41801112023957354	)
		(	0.41863058127555736	0.5813694187244426	)
		(	0.36806760931148014	0.6319323906885198	)
		(	0.16925665494977254	0.8307433450502275	)
		(	0.5607200647787712	0.4392799352212287	)
		(	0.4327202245739535	0.5672797754260466	)
		(	0.16730791019403338	0.8326920898059667	)
		(	0.1304272033007812	0.8695727966992188	));
}
potential ( WindFieldMt | Scenario )
{
	data = ((	0.7711901347271628	0.2288098652728372	)
		(	0.9588205102176924	0.041179489782307566	)
		(	0.35414635229371527	0.6458536477062847	)
		(	0.4731554442587421	0.5268445557412579	)
		(	0.5821685379927466	0.4178314620072534	)
		(	0.8188293590396104	0.1811706409603896	)
		(	0.5135803902392401	0.48641960976075993	)
		(	0.46620743755463623	0.5337925624453639	)
		(	0.48547320843047886	0.5145267915695212	)
		(	0.4940983274583747	0.5059016725416253	)
		(	0.46070624226310736	0.5392937577368927	));
}
potential ( MeanRH | Scenario )
{
	data = ((	0.6259507267627255	0.25771306335813277	0.1163362098791417	)
		(	0.5120738350756333	0.18429545771128453	0.30363070721308216	)
		(	0.08590788481059862	0.4907009673736009	0.4233911478158005	)
		(	0.3102300420985286	0.5022523519966081	0.1875176059048633	)
		(	0.023576317766613855	0.14609360799325577	0.8303300742401305	)
		(	0.007327894820255087	0.4916194085703735	0.5010526966093715	)
		(	0.11618234526377579	0.4984862558467526	0.38533139888947154	)
		(	0.45930882855792265	0.08730713765826796	0.45338403378380926	)
		(	0.13661102212217394	0.41670915884071325	0.4466798190371129	)
		(	0.19884249161834666	0.644997056140396	0.15616045224125724	)
		(	0.42849862786327414	0.09928429081435367	0.47221708132237217	));
}
potential ( MidLLapse | Scenario )
{
	data = ((	0.32848329433480616	0.539098099701442	0.13241860596375188	)
		(	0.5009484531530976	0.4461667950003997	0.05288475184650284	)
		(	0.10112576474223299	0.4587071237434661	0.4401671115143009	)
		(	0.049759166729831716	0.6146302528010121	0.3356105804691561	)
		(	0.29310168367764694	0.3139886639122013	0.39290965241015186	)
		(	0.3678062121375733	0.2623125183674945	0.36988126949493233	)
		(	0.3184485350009156	0.39990187396985954	0.2816495910292249	)
		(	0.5789613374768744	0.17215322715438477	0.24888543536874078	)
		(	0.39313610764254026	0.34980631630065456	0.25705757605680507	)
		(	0.1911018118475007	0.6433672510142178	0.16553093713828151	)
		(	0.37819769918496354	0.3718855070964762	0.24991679371856013	));
}
potential ( RHRatio | Scenario )
{
	data = ((	0.6107827720194858	0.018503493355679364	0.3707137346248348	)
		(	0.5069574235216028	0.40322519074098107	0.08981738573741609	)
		(	0.14190135064644377	0.6226599596032735	0.23543868975028273	)
		(	0.3275145203670648	0.4372038445221232	0.235281635110812	)
		(	0.2279176023456399	0.2502025911688471	0.521879806485513	)
		(	0.4774987759222074	0.10008396221925267	0.42241726185853995	)
		(	0.34466891465828703	0.2331204173416438	0.4222106680000692	)
		(	0.21418836038265301	0.7705413288840628	0.015270310733284097	)
		(	0.09449384211277533	0.7397040627580546	0.16580209512917007	)
		(	0.3504246211866709	0.18402344960690895	0.46555192920642013	)
		(	0.3271658188252797	0.17421672895820825	0.49861745221651205	));
}
potential ( LowLLapse | Scenario )
{
	data = ((	0.22026831944378822	0.13903371172119736	0.2998867523797176	0.3408112164552969	)
		(	0.2503639170842609	0.21179334501160968	0.30302045230451424	0.2348222855996153	)
		(	0.01985326590157161	0.3997630405482711	0.2661227391441803	0.3142609544059771	)
		(	0.18537329595749066	0.3204463743023729	0.1806682202597663	0.3135121094803701	)
		(	0.10479074347279495	0.09824190844878543	0.26717068553764267	0.529796662540777	)
		(	0.11251839060523101	0.30434212659844306	0.33361745950064264	0.24952202329568332	)
		(	0.18008955944743482	0.35725989985249396	0.19862764816812253	0.26402289253194866	)
		(	0.25052191833844534	0.2720471058256458	0.13895826362224017	0.3384727122136687	)
		(	0.411102835758052	0.1892123624236266	0.2745302330853503	0.12515456873297115	)
		(	0.24251876674970416	0.13176423503447582	0.3715593956261276	0.25415760258969244	)
		(	0.3896455610386972	0.48073435444261464	0.023922305431756413	0.10569777908693179	));
}
potential ( MvmtFeatures | Scenario )
{
	data = ((	0.12081649706600438	0.17380684532392127	0.2920719038207357	0.4133047537893387	)
		(	0.3481813891977921	0.18750107201892383	0.06775848950303826	0.39655904928024577	)
		(	0.3072555628300649	0.08109045898354625	0.14535417862423644	0.4662997995621524	)
		(	0.036671735290487624	0.38498323843421745	0.46904911772529295	0.10929590855000207	)
		(	0.3503353471174399	0.26814432600048055	0.3376285043322745	0.043891822549805	)
		(	0.6252567197959303	3.6806338395721586E-4	0.2969455355181723	0.07742968130194015	)
		(	0.2080715803264798	0.5574100850719416	0.074878607093334	0.15963972750824465	)
		(	0.24741194525184368	0.20733876926198333	0.01904013696074342	0.5262091485254295	)
		(	0.18384288301957602	0.29409643617756	0.14910289971188767	0.3729577810909763	)
		(	0.19658985820892413	0.4076062932983162	0.2444026705474231	0.15140117794533653	)
		(	0.2429164666592715	0.13470604708936446	0.34845996320692196	0.27391752304444195	));
}
potential ( TempDis | Scenario )
{
	data = ((	0.04474451378980468	0.3938613554021754	0.20673512700737812	0.3546590038006418	)
		(	0.01719135188324528	0.3192419708407506	0.35665742121141075	0.30690925606459335	)
		(	0.39145483736608744	0.39998228436044564	0.08650602870491314	0.12205684956855388	)
		(	0.3542980614521516	0.20962966915852124	0.16657745194110687	0.26949481744822035	)
		(	0.3038167481134115	0.0830712277070108	0.11197671564210895	0.5011353085374687	)
		(	0.36472138948174504	0.15823584834370233	0.07749780266895834	0.39954495950559427	)
		(	0.20971851964287772	0.16119390797279715	0.44459224389791746	0.1844953284864076	)
		(	0.20408795415884076	0.22007070103704787	0.32954990329093437	0.24629144151317703	)
		(	0.3351773529645919	0.26589630284032606	0.1702424780601644	0.22868386613491765	)
		(	0.25415700375267114	0.20997693079765412	0.40745674385816477	0.12840932159150986	)
		(	0.1652797695143505	0.28327991204662406	0.45821961658772475	0.09322070185130077	));
}
potential ( WindAloft | Scenario )
{
	data = ((	0.29120196654573227	0.17482723834311317	0.35550218258219884	0.17846861252895577	)
		(	0.245798827482067	0.031181978204097308	0.20818838862172054	0.5148308056921151	)
		(	0.17928872463186837	0.2558424012746771	0.11565825040512692	0.4492106236883276	)
		(	0.13322501614924262	0.45457515250095853	0.07428850533430552	0.33791132601549334	)
		(	0.035404412963725755	0.1888250268048703	0.3039413205615897	0.4718292396698143	)
		(	0.21302878586479088	0.27133342277590344	0.08402355691108923	0.43161423444821645	)
		(	0.2905982211859725	0.24759211396377095	0.44987076916690094	0.011938895683355634	)
		(	0.2902548559586064	0.267971489847009	0.19198712569226228	0.24978652850212224	)
		(	0.19769757756864842	0.345483435201287	0.25632634100998747	0.20049264622007712	)
		(	0.1592238241286938	0.3025441522499503	0.16903839633696208	0.36919362728439375	)
		(	0.216886051794802	0.27079575923989224	0.17169944309553245	0.34061874586977336	));
}
potential ( ScenRel3_4 | Scenario )
{
	data = ((	0.37793515202843375	0.10286871351762672	0.045124679884866764	0.24787202887020518	0.22619942569886764	)
		(	0.08013646302841444	0.2593932955347086	0.29320545340492216	0.20247144748517248	0.16479334054678244	)
		(	0.28962908165867024	0.13638239465309915	0.19141895232027056	0.1822918933474126	0.20027767802054755	)
		(	0.28300693933650906	0.054506565091797084	0.3278872851233116	0.20091203540293467	0.1336871750454476	)
		(	0.2142330035268147	0.12406737653391753	0.06883281540093779	0.507296628605558	0.08557017593277189	)
		(	0.2857291244760623	0.2988886797308214	0.1551550727196827	0.17170265771104312	0.0885244653623904	)
		(	0.28112048017844965	0.34760816340622963	0.11803092514358052	0.05788624408655278	0.19535418718518743	)
		(	0.20849491123929248	0.025025986059429278	0.3749105139508187	0.13437090260691148	0.2571976861435481	)
		(	0.030001632337403127	0.21775128948929903	0.05278062572578548	0.29798339305329685	0.4014830593942155	)
		(	0.11674017491224607	0.32080498129575025	0.3218661633949118	0.0014139080566406316	0.23917477234045126	)
		(	0.32587891570229377	0.1462200063268365	0.3576588955900449	0.04131725444834305	0.1289249279324817	));
}
potential ( SynForcng | Scenario )
{
	data = ((	0.11432954278267504	0.18845022251226604	0.24251896761248862	0.19997161235612684	0.25472965473644343	)
		(	0.24222377945191895	0.08103777116645601	0.2025236704999339	0.26492233170130214	0.20929244718038895	)
		(	0.17376030439019427	0.23302381773829298	0.29854220150952004	0.10337576575948539	0.1912979106025073	)
		(	0.16308135234616086	0.2747805916309907	0.2789498046299638	0.0732647792852028	0.20992347210768167	)
		(	0.2259323646385313	0.16602897240112036	0.19144158363919833	0.22744770714206825	0.18914937217908173	)
		(	0.5085343391459415	0.08082745639947066	0.02310700697335317	0.012161057932095076	0.37537013954913967	)
		(	0.3270929251560523	0.02052475565098789	0.08587302305781126	0.2684256226443092	0.2980836734908394	)
		(	0.33703169271329525	0.17608096493421532	0.14072392691483096	0.2668477395649481	0.07931567587271024	)
		(	0.2218018898511865	0.16105834085731383	0.28377784292806973	0.053665003741551615	0.2796969226218783	)
		(	0.29780996577504165	0.0071548080525743905	0.18343781669735093	0.12572680778433945	0.38587060169069365	)
		(	0.059475046775395	0.21737998437516404	0.330423497266495	0.17109093313697726	0.22163053844596872	));
}
potential ( Scenario | Date )
{
	data = ((	0.211168425087868	0.011253358586209516	0.14016912241426777	0.05927918832649138	0.011404763388804912	0.19788633864761074	0.10467886063880677	2.893823483888155E-4	0.2043310499568279	0.029634756069568478	0.029904754535155828	)
		(	0.09764343698006596	0.12934234087893798	0.10336586994220472	0.09814774018142246	0.09641770947887363	0.10467004728092665	0.03866720251554491	0.10561032357090834	0.04013192889403981	0.05484379268450602	0.13115960759256973	)
		(	0.16300527870336526	0.17459040206936627	0.11662973968328726	0.1770249645113641	0.009513842919844483	0.05815245643244884	0.06962753197701117	0.029661220075762995	0.14349239213410822	0.057547399383666355	7.547721097750891E-4	)
		(	0.19989607617925897	0.011258486161681939	0.02540765596430763	0.03468977533257557	0.15538695580055367	0.06194145683191622	0.0887989311050247	0.1859221118167204	0.09881678994987178	0.10399109185961126	0.03389066899847792	)
		(	0.13095966686752888	0.08585467940131168	0.02953811564749712	0.018730674790174727	0.12373749958397189	0.05048307265017452	0.1494936642770525	0.19431917678751748	0.03660428163853481	0.07820624733831902	0.1020729210179176	)
		(	0.09188174551276072	0.11578752897768624	0.1373547564567411	0.15949757759200034	0.007212970905415608	0.08238912368936557	0.03762980670028396	0.03987912279566947	0.13427070907375635	0.04523912466694475	0.14885753362937587	));
}
potential ( ScenRelAMIns | Scenario )
{
	data = ((	0.189526459413667	0.12769205079731602	0.2212576563724069	0.15227611231281954	0.17869373054231197	0.13055399056147868	)
		(	0.2734511082358663	0.3023054570709584	0.10927545640892314	0.028458316134471102	0.18573937440723604	0.10077028774254504	)
		(	0.1604726306832158	0.15047612600853255	0.2585234957901379	0.20888657111048847	0.10648340382416298	0.1151577725834622	)
		(	0.0640158961158174	0.3566467718785736	0.3038685183067228	0.021820591207438646	0.08447835639010495	0.16916986610134263	)
		(	0.2180323780419515	0.18461346978065696	0.11003948727222637	0.022607963855239038	0.23903040249181182	0.22567629855811422	)
		(	0.2725198967647514	0.27857483027839025	0.04122246204988181	0.08879300210289173	0.1338379432224966	0.18505186558158832	)
		(	0.09028757990617405	0.1994779188132883	0.007327530864174346	0.06526979373381639	0.38254826159922123	0.25508891508332565	)
		(	0.19146432221501508	0.21372961310620534	0.28035291452512034	0.05925161091110603	0.19691865377175605	0.058282885470797054	)
		(	0.136743637963052	0.05864799101208916	0.1455063102745641	0.22068573471936848	0.23124766430931498	0.2071686617216113	)
		(	0.2591778180384473	0.18332805255899381	0.31321574789040507	0.15566402276659197	0.03671453966423822	0.05189981908132343	)
		(	0.13032758772197647	0.22983695533752588	0.11307714506728327	0.04368404416001935	0.020894218875682075	0.46218004883751296	));
}
potential ( WindFieldPln | Scenario )
{
	data = ((	0.0954585411179025	0.25635101022575973	0.07170917109721217	0.16909215832230767	0.2192095718144414	0.18817954742237655	)
		(	0.49756692809358044	0.05087951725028451	0.05647166442099952	0.04456220331250501	0.22167309877297217	0.12884658814965855	)
		(	0.1791084607241271	0.005499143475524143	0.23567350470597698	0.26354681872610064	0.18791999440261462	0.12825207796565657	)
		(	0.17635569432040504	0.1704558040064866	0.2762768152492559	0.0798605358684611	0.01867853575292416	0.278372614802467	)
		(	0.26294091090647936	0.09608059093523186	0.16980025987909744	0.11096781204755257	0.1852775613003247	0.17493286493131416	)
		(	0.2581525693452822	0.2095381791222741	0.15141434037038995	0.06590423586825545	0.2238085078858318	0.09118216740796663	)
		(	0.0318602607502155	0.28338120777323883	0.3327830792238589	0.15949534515491767	0.0960887802180895	0.09639132687967952	)
		(	0.2611634702257059	0.0708683238390109	0.21776715853246378	0.07297674944881301	0.0843285510335877	0.29289574692041864	)
		(	0.24899194228065194	0.14168712096598873	0.32744503741052233	0.08265293539601609	0.18604977949886967	0.013173184447951234	)
		(	0.0031979297043857728	0.1652764965484576	0.009057051208583002	0.17942767678882704	0.2981335356084291	0.3449073101413174	)
		(	0.11362653424688705	0.1869286453518899	0.17028461307304985	0.11800111562211142	0.18892554002689277	0.22223355167916906	));
}
potential ( Dewpoints | Scenario )
{
	data = ((	0.151968722599881	0.18791638434875904	0.19477665471462097	0.07548468567659461	0.1465247274560414	0.06333935944641651	0.17998946575768657	)
		(	0.19689643446421642	0.16231723362817557	0.27065559142106593	0.04067242581179887	0.024003342125040985	0.24889365274356512	0.05656131980613721	)
		(	0.1590849039190248	0.11752563675757743	0.16477338951368758	0.09596435251702533	0.2416176513252436	0.14511130703748715	0.0759227589299541	)
		(	0.19068000300787988	0.003683842892976986	0.05522272796175959	0.24338709786370927	0.12006935200713342	0.17823002872011368	0.2087269475464273	)
		(	0.0927694779450137	0.24878781616026577	0.14583961302656354	0.253674542809582	0.14415804617121963	0.039206767076598634	0.07556373681075669	)
		(	0.17313542789182107	0.18577192151840952	0.16962062982222206	0.0344994815531919	0.026999564945448078	0.20508452611521027	0.20488844815369717	)
		(	0.16824427807440137	0.15028918693035578	0.13084726950709952	0.18641796441016995	0.10472130732772647	0.08940061680290119	0.17007937694734587	)
		(	0.16333018540272223	0.1663418402206451	6.582748328948984E-4	0.22726007866017633	0.0791354909289898	0.17914206685043785	0.18413206310413383	)
		(	0.2593727608971313	0.11786147119899971	0.16243205705637667	0.05367376514555166	0.13807735822638756	0.16670332726110063	0.10187926021445239	)
		(	0.04362215396517302	0.200611533444343	0.16282427689129253	0.2726316920631119	0.07454074636678759	0.015768564716811845	0.23000103255248017	)
		(	0.1841351417457675	0.2678208577657177	0.13389286176443244	0.034101584080831415	0.20616517838202342	0.01122216298910206	0.1626622132721255	));
}
potential ( SfcWndShfDis | Scenario )
{
	data = ((	0.0280508781441696	0.19088742939308523	0.04949367921535642	0.21770750164177088	0.1697488617759199	0.19893629590428108	0.14517535392541686	)
		(	0.17160214874388974	0.3502486333882294	0.04317010747887995	0.0031128728814557617	0.0349316863068894	0.3899386579497816	0.006995893250874304	)
		(	0.15944802565494276	0.06400641721582358	0.22526120338801264	0.018916397949820335	0.3193288327419964	0.13482180097506744	0.0782173220743367	)
		(	0.032805528491442665	0.2053280776687767	0.03268448628781409	0.18200786013745973	0.14235211279092808	0.18169435514389148	0.22312757947968725	)
		(	0.24050893541711718	0.09270399898637142	0.19967997357845765	0.09220206815380297	0.32024539976811317	0.032025619722156486	0.022634004373981227	)
		(	0.2617278698419561	0.16775463262354762	0.03337966262338075	0.12508204321899866	0.1651433871756905	0.04230349450150339	0.20460891001492293	)
		(	0.20364411717588335	0.10974114882250853	0.22141260273513774	0.1357899692940759	0.02448149735559368	0.08138936092429312	0.22354130369250752	)
		(	0.03504244098574207	0.1423068596075158	0.06341167273176825	0.39665603676950917	0.058860213746746465	0.16278235214007974	0.14094042401863854	)
		(	0.07317928058490523	0.16274466753658345	0.1240927633620897	0.013175917265625808	0.2232791708093258	0.21716557950997173	0.18636262093149839	)
		(	0.14903263307645676	0.14145530253789615	0.21160751099411945	0.10715974727723415	0.20627394660629814	0.1433685496607041	0.04110230984729141	)
		(	0.09499378823062606	0.14192320653159637	0.07078421612248532	0.12411224704372731	0.24820182301954585	0.08653878542844677	0.23344593362357235	));
}
potential ( ScnRelPlFcst | Scenario )
{
	data = ((	0.17925277782820692	0.17890509039269023	0.05094997134301539	0.12081200107446326	0.029272983849428606	0.15097367303555334	0.04668422777045031	0.03129204760367626	0.012344789075191348	0.01793766409585357	0.18157477393147076	)
		(	0.017293894928495656	0.1611041309787128	0.15914223522935755	0.02723485902130389	0.031765941106143857	0.13040322574439867	0.027008035021726662	0.09992364248007737	0.13115232272185184	0.11703738541648236	0.09793432735144954	)
		(	0.038126151465202957	0.0997848715596142	0.08279085540840622	0.16234983014666646	0.11930749860858206	0.057807978270578736	0.10332148018665983	0.08648628844315316	0.13123331027533172	0.08311273237818355	0.03567900325762116	)
		(	0.05018598750814803	0.11559662752442114	0.042074119872738305	0.08256448643859873	0.006981523815142111	0.20307089258426259	0.07256613922511873	0.14608677353199725	0.011413520636562278	0.11742159452453832	0.15203833433847244	)
		(	0.18208004709134165	0.01664990452478377	0.15389799491326836	0.13491834474473974	0.09264632474110719	0.06150817041001986	0.18463161616278173	0.02581643378549303	0.029464159785386617	0.04425103749099819	0.07413596635007987	)
		(	0.129151987938245	0.09425302102538408	0.030281689332474316	0.09859366897315062	0.19568426604134054	0.002312128788193617	0.002773903971673048	0.10110152949704064	0.10675095832393956	0.18668256738096664	0.05241427872759181	)
		(	0.14644735435734077	0.1670648337585255	0.11732756251898288	0.04157931732465137	0.059320444025989405	0.1631712017330654	0.22011523672886393	0.0030073121793788645	0.02343575672686893	0.05039103026839453	0.008139950377938446	)
		(	0.1299938617953425	0.09266708209255614	0.026514298322569456	0.131795605710646	0.013153215425084117	0.11064413497542934	0.12521449668116047	0.0578183018934242	0.05780170125579956	0.145873872819209	0.10852342902877918	)
		(	0.08981834965758756	0.1300748150901652	0.14127448325194292	0.009899060842409732	0.03356737503804812	0.13060108835186762	0.08546176246875437	0.057528000722869385	0.15938776640366942	0.07729345876460225	0.08509383940808331	)
		(	0.12482859790274899	0.12237181940786353	0.14327295781059765	0.09952607783988061	0.0011434756208540352	0.12747213737448768	0.08357353001756387	0.11873454596792295	0.0035030718809307454	0.13445127649107605	0.041122509686073824	)
		(	0.13084878564584035	0.07880573764483455	0.04597071408911934	0.0797130587940939	0.1120678377754075	0.01262166844865842	0.12015780764746091	0.0578211637599764	0.15345287496841323	0.0878694590877412	0.1206708921384544	));
}
potential ( AMCINInScen | ScenRelAMCIN MorningCIN )
{
	data = (((	0.1093083968579045	0.6147554450779334	0.27593615806416194	)
		(	0.19608564126763772	0.5757924453186185	0.22812191341374383	)
		(	0.5046597960395334	0.3557777350245572	0.1395624689359093	)
		(	0.02563077318385285	0.7354974780760123	0.2388717487401348	))
		((	0.190481184643533	0.49442126807445247	0.3150975472820145	)
		(	0.6020152424808051	0.23482883362460905	0.16315592389458583	)
		(	0.7874978031881915	0.08783932974251306	0.12466286706929551	)
		(	0.10639105140146148	0.7934876793650087	0.10012126923352974	)));
}
potential ( CapInScen | AMCINInScen CapChange )
{
	data = (((	0.9080564034046315	0.05277868471399119	0.039164911881377336	)
		(	0.4441579685211489	0.03891567549885845	0.5169263559799927	)
		(	0.4406195832318871	0.0784703596367009	0.480910057131412	))
		((	0.4314276300599034	0.15090290714245871	0.41766946279763795	)
		(	0.27767983914405847	0.17367950990937003	0.5486406509465714	)
		(	0.37415977374063375	0.457090606758567	0.16874961950079917	))
		((	0.3554923202436411	0.12257386301775905	0.5219338167385998	)
		(	0.2162536850693879	0.6486950101209209	0.13505130480969119	)
		(	0.3702639790553806	0.2437741139592562	0.3859619069853632	)));
}
potential ( InsSclInScen | AMInsWliScen InsChange )
{
	data = (((	0.3835457159601714	0.5274740115243072	0.08898027251552149	)
		(	0.016362821029186337	0.30361907880315436	0.6800181001676592	)
		(	0.4343226327745039	0.335812143522733	0.2298652237027632	))
		((	0.23985991943026172	0.40397310709183093	0.3561669734779073	)
		(	0.46865352360643764	0.09693042322068476	0.4344160531728777	)
		(	0.08072354875075546	0.44993388179783456	0.46934256945141	))
		((	0.01764315033263784	0.6016411138243829	0.38071573584297924	)
		(	0.7179884758758717	0.15177902448022376	0.13023249964390454	)
		(	0.10057035811260373	0.4085256407414629	0.49090400114593336	)));
}
potential ( InsInMt | CldShadeOth AMInstabMt )
{
	data = (((	0.43335193649513254	0.051312509257183246	0.5153355542476842	)
		(	0.24940558205645863	0.7121031278285509	0.03849129011499045	)
		(	0.4248893232436561	0.23578385397924492	0.33932682277709897	))
		((	0.5138107373821198	0.22675309386456638	0.25943616875331393	)
		(	0.2762200173200126	0.3404741523780159	0.3833058303019716	)
		(	0.3037850051976529	0.23903093717512167	0.4571840576272255	))
		((	0.3960742277528521	0.287521509049795	0.31640426319735276	)
		(	0.10132220153654731	0.5587901113026029	0.3398876871608497	)
		(	0.4504607571719693	0.4070795122753631	0.1424597305526676	)));
}
potential ( R5Fcst | MountainFcst N34StarFcst )
{
	data = (((	0.2581748781296974	0.4590501668120875	0.2827749550582151	)
		(	0.08728327126763963	0.5545940040060336	0.3581227247263268	)
		(	0.261359926836362	0.3757724848959794	0.3628675882676586	))
		((	0.37095401384542404	0.22301634930326814	0.40602963685130794	)
		(	0.212677487464686	0.3642561470152122	0.42306636552010185	)
		(	0.16647001149959714	0.3180057277561968	0.5155242607442061	))
		((	0.20976175655500662	0.5359862527849578	0.25425199066003545	)
		(	0.1899303940250339	0.19176729697768008	0.618302308997286	)
		(	0.1014114524482828	0.4300886155498525	0.4684999320018647	)));
}
potential ( CombClouds | VISCloudCov IRCloudCover )
{
	data = (((	0.33564636206800685	0.1426958890417296	0.5216577488902635	)
		(	0.10450104680202382	0.7314700539117293	0.16402889928624692	)
		(	0.2544560212046131	0.3676515292789843	0.37789244951640266	))
		((	0.22785913037050973	0.44252145793372244	0.3296194116957678	)
		(	0.6582201037499374	0.20066120714465593	0.14111868910540667	)
		(	0.055928485572983744	0.5288267881541892	0.41524472627282716	))
		((	0.550217780053827	0.21015029342106123	0.23963192652511167	)
		(	0.18664740818410436	0.22536213835544364	0.5879904534604521	)
		(	0.2651376304082295	0.5976556562138896	0.1372067133778809	)));
}
potential ( CldShadeConv | InsInMt WndHodograph )
{
	data = (((	0.030578082232498995	0.5669668700654398	0.4024550477020612	)
		(	0.189386320656961	0.03155211241683452	0.7790615669262044	)
		(	0.1989004079117591	0.5551561977456241	0.2459433943426168	)
		(	0.42536699558819036	0.4293549511900632	0.14527805322174642	))
		((	0.44993725531675927	0.3928842539625351	0.1571784907207057	)
		(	0.41594329140082037	0.17178097138614082	0.4122757372130388	)
		(	0.44627051194033074	0.4340781491957396	0.11965133886392959	)
		(	0.1223003128389148	0.5541122462916807	0.3235874408694045	))
		((	0.5375708405525877	0.4127958323858936	0.04963332706151861	)
		(	0.08620011666071803	0.20145558768108277	0.7123442956581991	)
		(	0.08782801269904764	0.38932963030933704	0.5228423569916153	)
		(	0.22292793191509183	0.6245655190476144	0.15250654903729385	)));
}
potential ( OutflowFrMt | InsInMt WndHodograph )
{
	data = (((	0.2646367462875029	0.6020174162412588	0.13334583747123824	)
		(	0.16171396593691215	0.35475035325860305	0.4835356808044849	)
		(	0.4431780691442185	0.32468096759309656	0.232140963262685	)
		(	0.17062161327077174	0.8273832504706717	0.0019951362585565297	))
		((	0.47922868543866914	0.12958700692890876	0.391184307632422	)
		(	0.3740129473834357	0.29810454992671187	0.3278825026898524	)
		(	0.5184509389091982	0.27913517779113745	0.20241388329966437	)
		(	0.4167692820178163	0.3241334354992776	0.2590972824829061	))
		((	0.15367289773490816	0.6344865789045151	0.21184052336057674	)
		(	0.3024515892107979	0.6835104964521234	0.014037914337078782	)
		(	0.34257957191123617	0.5810316606797179	0.07638876740904593	)
		(	0.14084854326843924	0.36968687320100485	0.48946458353055594	)));
}
potential ( InsChange | LoLevMoistAd CompPlFcst )
{
	data = (((	0.22872932699762477	0.38866272257794415	0.3826079504244311	)
		(	0.4692142102809223	0.33279725828080214	0.19798853143827552	)
		(	0.2728362701672908	0.11795125966005587	0.6092124701726533	))
		((	0.2751303418792248	0.3423097334979236	0.38255992462285165	)
		(	0.07521476929392469	0.6817802433883963	0.243004987317679	)
		(	0.5693858174871054	0.29624169149314244	0.13437249101975218	))
		((	0.5235712650014961	0.24489012689021658	0.23153860810828733	)
		(	0.5186957482593383	0.41585447026884576	0.06544978147181593	)
		(	0.5247422750106233	0.11892628864513086	0.3563314363442458	))
		((	0.12176477691477328	0.5350291545409107	0.34320606854431596	)
		(	0.03682962481960944	0.7612848216161311	0.2018855535642595	)
		(	0.5658340591401396	0.24615190582781835	0.1880140350320421	)));
}
potential ( N34StarFcst | ScenRel3_4 PlainsFcst )
{
	data = (((	0.37583231588014526	0.411696525243605	0.21247115887624984	)
		(	0.30549664923339953	0.1532693521508774	0.5412339986157231	)
		(	0.4588800500024028	0.16497584212428262	0.37614410787331454	))
		((	0.5332473157832794	0.024169872820555816	0.4425828113961647	)
		(	0.1023857925444453	0.5073439324883982	0.3902702749671565	)
		(	0.35454946338600946	0.2106647276430744	0.43478580897091607	))
		((	0.4798521206339387	0.24000891964673182	0.28013895971932945	)
		(	0.3493108427411439	0.2845577643978228	0.3661313928610334	)
		(	0.3392022907905129	0.5375456693332474	0.12325203987623974	))
		((	0.16055478570678647	0.3604148376785846	0.47903037661462894	)
		(	0.48027987716233206	0.21368926534027247	0.30603085749739545	)
		(	0.33126704260624384	0.44941910601409224	0.2193138513796639	))
		((	0.6517939756835963	0.010755048303415986	0.3374509760129877	)
		(	0.33754333276042725	1.762771036285204E-4	0.6622803901359443	)
		(	0.3974271394229006	0.08595001299434057	0.5166228475827588	)));
}
potential ( AreaMoDryAir | AreaMeso_ALS CombMoisture )
{
	data = (((	0.37651459604140963	0.2644989932228588	0.15207949220464467	0.2069069185310869	)
		(	0.24460017955862237	0.06981748665449111	0.5690939859379183	0.11648834784896824	)
		(	0.20184786801919344	0.15757043490761835	0.3123099845579595	0.3282717125152288	)
		(	0.1377129033463989	0.051740023991096014	0.6655737251574343	0.14497334750507074	))
		((	0.2853271288739456	0.19805406539464723	0.1636768362630572	0.3529419694683498	)
		(	0.2376230116867698	0.35946702865235713	0.08942667687585307	0.31348328278501997	)
		(	0.34366411990025625	0.030470495442520833	0.40217297619016806	0.22369240846705488	)
		(	0.47604931207390094	0.19843055169612953	0.05048968615572505	0.2750304500742445	))
		((	0.40527880082027284	0.03778157859895473	0.26100973350457746	0.2959298870761949	)
		(	0.2444418569710384	0.009213193486835157	0.39924473894063184	0.3471002106014947	)
		(	0.3899787451311895	0.23106682076320234	0.08366483922376396	0.29528959488184414	)
		(	0.2944943970243955	0.16194115628040345	0.14153938307458647	0.40202506362061463	))
		((	0.14818744156700492	0.2553621790214716	0.1341656841998009	0.46228469521172255	)
		(	0.33179340538912194	0.06587475481033923	0.2953592093732054	0.3069726304273334	)
		(	0.3841016336998708	0.05223696258779601	0.18308873719970092	0.3805726665126324	)
		(	0.132507691704797	0.30444438488658415	0.33172467657270555	0.23132324683591315	)));
}
potential ( CurPropConv | LatestCIN LLIW )
{
	data = (((	0.23344041105114222	0.4274085480357645	0.26396344295995877	0.07518759795313451	)
		(	0.34837063620142433	0.2146925890676128	0.03671199879634421	0.4002247759346187	)
		(	0.20001471760144893	0.09575112996482803	0.24266129267380893	0.46157285975991424	)
		(	0.04278498976150493	0.0739228310596035	0.3034071716840292	0.5798850074948623	))
		((	0.12143877558666949	0.2213505286038728	0.22413852675375373	0.4330721690557041	)
		(	0.40056162944031964	0.1508119791145659	0.13925411401687923	0.3093722774282352	)
		(	0.13883984794046764	0.21920736829813875	0.310121397198037	0.33183138656335665	)
		(	0.2113820897124466	0.41220797284565286	0.016853575289972923	0.3595563621519275	))
		((	0.04137349785558267	0.31719942962908515	0.15257521428778997	0.4888518582275423	)
		(	0.15046576830755132	0.2806438437261037	0.4250900297139215	0.1438003582524235	)
		(	0.01632119924738656	0.2972261575991106	0.36233216805745366	0.3241204750960491	)
		(	0.3693756709171888	0.03402887231525746	0.22900810065860203	0.3675873561089517	))
		((	0.3626225401163471	0.17997540387169317	0.1422688465934538	0.31513320941850587	)
		(	0.3492621385558668	0.052397139457569616	0.18321911909431474	0.4151216028922488	)
		(	0.18117996083187043	0.09814343487716462	0.22019089576172643	0.5004857085292385	)
		(	0.15436198664461423	0.3218057699394544	0.3105634801485501	0.2132687632673814	)));
}
potential ( CombMoisture | SatContMoist RaoContMoist )
{
	data = (((	0.27650355452102643	0.2391071134308944	0.25235342322214677	0.23203590882593242	)
		(	0.06440993697611982	0.13351518907375415	0.4213369313664073	0.3807379425837186	)
		(	0.2692570409324878	0.2622315194212505	0.15850544046880724	0.3100059991774546	)
		(	0.23021754066154537	0.49373879465285275	0.1860277105602667	0.09001595412533521	))
		((	0.5408300167326849	0.1265461272145513	0.1630155943339813	0.16960826171878254	)
