net
{
}
node DIFFN_DISTR
{
	states = ("DIST" "PROX" "RANDOM" );
	position = (0 0);
	label = "DIFFN_DISTR";
}
node DIFFN_DUMMY_1
{
	states = ("dummy" );
	position = (10 -10);
	label = "DIFFN_DUMMY_1";
}
node DIFFN_DUMMY_2
{
	states = ("dummy" );
	position = (20 -20);
	label = "DIFFN_DUMMY_2";
}
node DIFFN_DUMMY_3
{
	states = ("dummy" );
	position = (30 -30);
	label = "DIFFN_DUMMY_3";
}
node DIFFN_MOT_SEV
{
	states = ("NO" "MILD" "MOD" "SEV" );
	position = (40 -40);
	label = "DIFFN_MOT_SEV";
}
node DIFFN_M_SEV_DIST
{
	states = ("NO" "MILD" "MOD" "SEV" );
	position = (50 -50);
	label = "DIFFN_M_SEV_DIST";
}
node DIFFN_M_SEV_PROX
{
	states = ("NO" "MILD" "MOD" "SEV" );
	position = (60 -60);
	label = "DIFFN_M_SEV_PROX";
}
node DIFFN_PATHO
{
	states = ("DEMY" "BLOCK" "AXONAL" "V.E.REIN" "E.REIN" );
	position = (70 -70);
	label = "DIFFN_PATHO";
}
node DIFFN_SENS_SEV
{
	states = ("NO" "MILD" "MOD" "SEV" );
	position = (80 -80);
	label = "DIFFN_SENS_SEV";
}
node DIFFN_SEV
{
	states = ("NO" "MILD" "MOD" "SEV" );
	position = (90 -90);
	label = "DIFFN_SEV";
}
node DIFFN_S_SEV_DIST
{
	states = ("NO" "MILD" "MOD" "SEV" );
	position = (100 -100);
	label = "DIFFN_S_SEV_DIST";
}
node DIFFN_TIME
{
	states = ("ACUTE" "SUBACUTE" "CHRONIC" "OLD" );
	position = (110 -110);
	label = "DIFFN_TIME";
}
node DIFFN_TYPE
{
	states = ("MOTOR" "MIXED" "SENS" );
	position = (120 -120);
	label = "DIFFN_TYPE";
}
node R_APB_ALLAMP_WA
{
	states = ("ZERO" "A0.01" "A0.10" "A0.30" "A0.70" "A1.00" "A2.00" "A4.00" "A8.00" );
	position = (130 -130);
	label = "R_APB_ALLAMP_WA";
}
node R_APB_DENERV
{
	states = ("NO" "MILD" "MOD" "SEV" );
	position = (140 -140);
	label = "R_APB_DENERV";
}
node R_APB_DE_REGEN
{
	states = ("NO" "YES" );
	position = (150 -150);
	label = "R_APB_DE_REGEN";
}
node R_APB_EFFMUS
{
	states = ("V.SMALL" "SMALL" "NORMAL" "INCR" "LARGE" "V.LARGE" "OTHER" );
	position = (160 -160);
	label = "R_APB_EFFMUS";
}
node R_APB_FORCE
{
	states = ("5" "4" "3" "2" "1" "0" );
	position = (170 -170);
	label = "R_APB_FORCE";
}
node R_APB_MALOSS
{
	states = ("NO" "MILD" "MOD" "SEV" "TOTAL" "OTHER" );
	position = (180 -180);
	label = "R_APB_MALOSS";
}
node R_APB_MUDENS
{
	states = ("NORMAL" "INCR" "V.INCR" );
	position = (190 -190);
	label = "R_APB_MUDENS";
}
node R_APB_MULOSS
{
	states = ("NO" "MILD" "MOD" "SEV" "TOTAL" "OTHER" );
	position = (200 -200);
	label = "R_APB_MULOSS";
}
node R_APB_MUPAMP
{
	states = ("V.SMALL" "SMALL" "NORMAL" "INCR" "LARGE" "V.LARGE" "OTHER" );
	position = (210 -210);
	label = "R_APB_MUPAMP";
}
node R_APB_MUPDUR
{
	states = ("V.SMALL" "SMALL" "NORMAL" "INCR" "LARGE" "V.LARGE" "OTHER" );
	position = (220 -220);
	label = "R_APB_MUPDUR";
}
node R_APB_MUPINSTAB
{
	states = ("NO" "YES" );
	position = (230 -230);
	label = "R_APB_MUPINSTAB";
}
node R_APB_MUPSATEL
{
	states = ("NO" "YES" );
	position = (240 -240);
	label = "R_APB_MUPSATEL";
}
node R_APB_MUSCLE_VOL
{
	states = ("ATROPHIC" "NORMAL" );
	position = (250 -250);
	label = "R_APB_MUSCLE_VOL";
}
node R_APB_MUSIZE
{
	states = ("V.SMALL" "SMALL" "NORMAL" "INCR" "LARGE" "V.LARGE" "OTHER" );
	position = (260 -260);
	label = "R_APB_MUSIZE";
}
node R_APB_MVA_AMP
{
	states = ("INCR" "NORMAL" "REDUCED" );
	position = (270 -270);
	label = "R_APB_MVA_AMP";
}
node R_APB_MVA_RECRUIT
{
	states = ("FULL" "REDUCED" "DISCRETE" "NO-UNITS" );
	position = (280 -280);
	label = "R_APB_MVA_RECRUIT";
}
node R_APB_NEUR_ACT
{
	states = ("NO" "FASCIC" "NEUROMYO" "MYOKYMIA" "TETANUS" "OTHER" );
	position = (290 -290);
	label = "R_APB_NEUR_ACT";
}
node R_APB_NMT
{
	states = ("NO" "MOD.PRE" "SEV.PRE" "MLD.POST" "MOD.POST" "SEV.POST" "MIXED" );
	position = (300 -300);
	label = "R_APB_NMT";
}
node R_APB_QUAL_MUPAMP
{
	states = ("V.RED" "REDUCED" "NORMAL" "INCR" "V.INCR" );
	position = (310 -310);
	label = "R_APB_QUAL_MUPAMP";
}
node R_APB_QUAL_MUPDUR
{
	states = ("SMALL" "NORMAL" "INCR" );
	position = (320 -320);
	label = "R_APB_QUAL_MUPDUR";
}
node R_APB_QUAL_MUPPOLY
{
	states = ("NORMAL" "INCR" );
	position = (330 -330);
	label = "R_APB_QUAL_MUPPOLY";
}
node R_APB_QUAN_MUPAMP
{
	states = ("UV34" "UV44" "UV58" "UV74" "UV94" "UV122" "UV156" "UV200" "UV260" "UV330" "UV420" "UV540" "UV700" "UV900" "UV1150" "UV1480" "UV1900" "UV2440" "UV3130" "UV4020" );
	position = (340 -340);
	label = "R_APB_QUAN_MUPAMP";
}
node R_APB_QUAN_MUPDUR
{
	states = ("MS3" "MS4" "MS5" "MS6" "MS7" "MS8" "MS9" "MS10" "MS11" "MS12" "MS13" "MS14" "MS15" "MS16" "MS17" "MS18" "MS19" "MS20" "MS>20" );
	position = (350 -350);
	label = "R_APB_QUAN_MUPDUR";
}
node R_APB_QUAN_MUPPOLY
{
	states = ("<12%" "12-24%" ">24%" );
	position = (360 -360);
	label = "R_APB_QUAN_MUPPOLY";
}
node R_APB_REPSTIM_CMAPAMP
{
	states = ("MV.000" "MV.032" "MV.044" "MV.063" "MV.088" "MV.13" "MV.18" "MV.25" "MV.35" "MV.5" "MV.71" "MV1" "MV1.4" "MV2" "MV2.8" "MV4" "MV5.6" "MV8" "MV11.3" "MV16" "MV22.6" );
	position = (370 -370);
	label = "R_APB_REPSTIM_CMAPAMP";
}
node R_APB_REPSTIM_DECR
{
	states = ("NO" "MILD" "MOD" "SEV" "INCON" );
	position = (380 -380);
	label = "R_APB_REPSTIM_DECR";
}
node R_APB_REPSTIM_FACILI
{
	states = ("NO" "MOD" "SEV" "REDUCED" );
	position = (390 -390);
	label = "R_APB_REPSTIM_FACILI";
}
node R_APB_REPSTIM_POST_DECR
{
	states = ("NO" "MILD" "MOD" "SEV" "INCON" );
	position = (400 -400);
	label = "R_APB_REPSTIM_POST_DECR";
}
node R_APB_SF_DENSITY
{
	states = ("<2SD" "2-4SD" ">4SD" );
	position = (410 -410);
	label = "R_APB_SF_DENSITY";
}
node R_APB_SF_JITTER
{
	states = ("NORMAL" "2-5" "5-10" ">10" );
	position = (420 -420);
	label = "R_APB_SF_JITTER";
}
node R_APB_SPONT_DENERV_ACT
{
	states = ("NO" "SOME" "MOD" "ABUNDANT" );
	position = (430 -430);
	label = "R_APB_SPONT_DENERV_ACT";
}
node R_APB_SPONT_HF_DISCH
{
	states = ("NO" "YES" );
	position = (440 -440);
	label = "R_APB_SPONT_HF_DISCH";
}
node R_APB_SPONT_INS_ACT
{
	states = ("NORMAL" "INCR" );
	position = (450 -450);
	label = "R_APB_SPONT_INS_ACT";
}
node R_APB_SPONT_NEUR_DISCH
{
	states = ("NO" "FASCIC" "NEUROMYO" "MYOKYMIA" "TETANUS" "OTHER" );
	position = (460 -460);
	label = "R_APB_SPONT_NEUR_DISCH";
}
node R_APB_TA_CONCL
{
	states = (">5ABOVE" "2-5ABOVE" "NORMAL" "2-5BELOW" ">5BELOW" "OTHER" );
	position = (470 -470);
	label = "R_APB_TA_CONCL";
}
node R_APB_VOL_ACT
{
	states = ("NORMAL" "REDUCED" "V.RED" "ABSENT" );
	position = (480 -480);
	label = "R_APB_VOL_ACT";
}
node R_DE_REGEN_APB_NMT
{
	states = ("NO" "MOD.PRE" "SEV.PRE" "MLD.POST" "MOD.POST" "SEV.POST" "MIXED" );
	position = (490 -490);
	label = "R_DE_REGEN_APB_NMT";
}
node R_DIFFN_APB_DENERV
{
	states = ("NO" "MILD" "MOD" "SEV" );
	position = (500 -500);
	label = "R_DIFFN_APB_DENERV";
}
node R_DIFFN_APB_DE_REGEN
{
	states = ("NO" "YES" );
	position = (510 -510);
	label = "R_DIFFN_APB_DE_REGEN";
}
node R_DIFFN_APB_MALOSS
{
	states = ("NO" "MILD" "MOD" "SEV" "TOTAL" );
	position = (520 -520);
	label = "R_DIFFN_APB_MALOSS";
}
node R_DIFFN_APB_MUDENS
{
	states = ("NORMAL" "INCR" "V.INCR" );
	position = (530 -530);
	label = "R_DIFFN_APB_MUDENS";
}
node R_DIFFN_APB_MUSIZE
{
	states = ("V.SMALL" "SMALL" "NORMAL" "INCR" "LARGE" "V.LARGE" );
	position = (540 -540);
	label = "R_DIFFN_APB_MUSIZE";
}
node R_DIFFN_APB_NEUR_ACT
{
	states = ("NO" "FASCIC" "NEUROMYO" "MYOKYMIA" "TETANUS" "OTHER" );
	position = (550 -550);
	label = "R_DIFFN_APB_NEUR_ACT";
}
node R_DIFFN_LNLW_APB_DENERV
{
	states = ("NO" "MILD" "MOD" "SEV" );
	position = (560 -560);
	label = "R_DIFFN_LNLW_APB_DENERV";
}
node R_DIFFN_LNLW_APB_DE_REGEN
{
	states = ("NO" "YES" );
	position = (570 -570);
	label = "R_DIFFN_LNLW_APB_DE_REGEN";
}
node R_DIFFN_LNLW_APB_MALOSS
{
	states = ("NO" "MILD" "MOD" "SEV" "TOTAL" );
	position = (580 -580);
	label = "R_DIFFN_LNLW_APB_MALOSS";
}
node R_DIFFN_LNLW_APB_MUDENS
{
	states = ("NORMAL" "INCR" "V.INCR" );
	position = (590 -590);
	label = "R_DIFFN_LNLW_APB_MUDENS";
}
node R_DIFFN_LNLW_APB_MUSIZE
{
	states = ("V.SMALL" "SMALL" "NORMAL" "INCR" "LARGE" "V.LARGE" );
	position = (600 -600);
	label = "R_DIFFN_LNLW_APB_MUSIZE";
}
node R_DIFFN_LNLW_APB_NEUR_ACT
{
	states = ("NO" "FASCIC" "NEUROMYO" "MYOKYMIA" "TETANUS" "OTHER" );
	position = (610 -610);
	label = "R_DIFFN_LNLW_APB_NEUR_ACT";
}
node R_DIFFN_LNLW_MEDD2_DISP_WD
{
	states = ("NO" "MILD" "MOD" "SEV" );
	position = (620 -620);
	label = "R_DIFFN_LNLW_MEDD2_DISP_WD";
}
node R_DIFFN_LNLW_MEDD2_SALOSS
{
	states = ("NO" "MILD" "MOD" "SEV" "TOTAL" );
	position = (630 -630);
	label = "R_DIFFN_LNLW_MEDD2_SALOSS";
}
node R_DIFFN_MEDD2_BLOCK
{
	states = ("NO" "MILD" "MOD" "SEV" "TOTAL" );
	position = (640 -640);
	label = "R_DIFFN_MEDD2_BLOCK";
}
node R_DIFFN_MEDD2_DIFSLOW
{
	states = ("NO" "MILD" "MOD" "SEV" );
	position = (650 -650);
	label = "R_DIFFN_MEDD2_DIFSLOW";
}
node R_DIFFN_MEDD2_DISP
{
	states = ("NO" "MILD" "MOD" "SEV" );
	position = (660 -660);
	label = "R_DIFFN_MEDD2_DISP";
}
node R_DIFFN_MEDD2_SALOSS
{
	states = ("NO" "MILD" "MOD" "SEV" "TOTAL" );
	position = (670 -670);
	label = "R_DIFFN_MEDD2_SALOSS";
}
node R_DIFFN_MED_BLOCK
{
	states = ("NO" "MILD" "MOD" "SEV" "TOTAL" );
	position = (680 -680);
	label = "R_DIFFN_MED_BLOCK";
}
node R_DIFFN_MED_DIFSLOW
{
	states = ("NO" "MILD" "MOD" "SEV" );
	position = (690 -690);
	label = "R_DIFFN_MED_DIFSLOW";
}
node R_LNLBE_APB_DENERV
{
	states = ("NO" "MILD" "MOD" "SEV" );
	position = (700 -700);
	label = "R_LNLBE_APB_DENERV";
}
node R_LNLBE_APB_DE_REGEN
{
	states = ("NO" "YES" );
	position = (710 -710);
	label = "R_LNLBE_APB_DE_REGEN";
}
node R_LNLBE_APB_MALOSS
{
	states = ("NO" "MILD" "MOD" "SEV" "TOTAL" );
	position = (720 -720);
	label = "R_LNLBE_APB_MALOSS";
}
node R_LNLBE_APB_MUDENS
{
	states = ("NORMAL" "INCR" "V.INCR" );
	position = (730 -730);
	label = "R_LNLBE_APB_MUDENS";
}
node R_LNLBE_APB_MUSIZE
{
	states = ("V.SMALL" "SMALL" "NORMAL" "INCR" "LARGE" "V.LARGE" );
	position = (740 -740);
	label = "R_LNLBE_APB_MUSIZE";
}
node R_LNLBE_APB_NEUR_ACT
{
	states = ("NO" "FASCIC" "NEUROMYO" "MYOKYMIA" "TETANUS" "OTHER" );
	position = (750 -750);
	label = "R_LNLBE_APB_NEUR_ACT";
}
node R_LNLBE_MEDD2_BLOCK_EW
{
	states = ("NO" "MILD" "MOD" "SEV" "TOTAL" );
	position = (760 -760);
	label = "R_LNLBE_MEDD2_BLOCK_EW";
}
node R_LNLBE_MEDD2_DIFSLOW_WD
{
	states = ("NO" "MILD" "MOD" "SEV" );
	position = (770 -770);
	label = "R_LNLBE_MEDD2_DIFSLOW_WD";
}
node R_LNLBE_MEDD2_DISP_EW
{
	states = ("NO" "MILD" "MOD" "SEV" );
	position = (780 -780);
	label = "R_LNLBE_MEDD2_DISP_EW";
}
node R_LNLBE_MEDD2_LD_EW
{
	states = ("NO" "MILD" "MOD" "SEV" );
	position = (790 -790);
	label = "R_LNLBE_MEDD2_LD_EW";
}
node R_LNLBE_MEDD2_RD_EW
{
	states = ("NO" "MOD" "SEV" );
	position = (800 -800);
	label = "R_LNLBE_MEDD2_RD_EW";
}
node R_LNLBE_MEDD2_SALOSS_EW
{
	states = ("NO" "MILD" "MOD" "SEV" "TOTAL" );
	position = (810 -810);
	label = "R_LNLBE_MEDD2_SALOSS_EW";
}
node R_LNLBE_MED_BLOCK
{
	states = ("NO" "MILD" "MOD" "SEV" "TOTAL" );
	position = (820 -820);
	label = "R_LNLBE_MED_BLOCK";
}
node R_LNLBE_MED_DIFSLOW
{
	states = ("NO" "MILD" "MOD" "SEV" );
	position = (830 -830);
	label = "R_LNLBE_MED_DIFSLOW";
}
node R_LNLBE_MED_PATHO
{
	states = ("DEMY" "BLOCK" "AXONAL" "V.E.REIN" "E.REIN" );
	position = (840 -840);
	label = "R_LNLBE_MED_PATHO";
}
node R_LNLBE_MED_SEV
{
	states = ("NO" "MILD" "MOD" "SEV" "TOTAL" );
	position = (850 -850);
	label = "R_LNLBE_MED_SEV";
}
node R_LNLBE_MED_TIME
{
	states = ("ACUTE" "SUBACUTE" "CHRONIC" "OLD" );
	position = (860 -860);
	label = "R_LNLBE_MED_TIME";
}
node R_LNLLP_APB_DENERV
{
	states = ("NO" "MILD" "MOD" "SEV" );
	position = (870 -870);
	label = "R_LNLLP_APB_DENERV";
}
node R_LNLLP_APB_DE_REGEN
{
	states = ("NO" "YES" );
	position = (880 -880);
	label = "R_LNLLP_APB_DE_REGEN";
}
node R_LNLLP_APB_MALOSS
{
	states = ("NO" "MILD" "MOD" "SEV" "TOTAL" );
	position = (890 -890);
	label = "R_LNLLP_APB_MALOSS";
}
node R_LNLLP_APB_MUDENS
{
	states = ("NORMAL" "INCR" "V.INCR" );
	position = (900 -900);
	label = "R_LNLLP_APB_MUDENS";
}
node R_LNLLP_APB_MUSIZE
{
	states = ("V.SMALL" "SMALL" "NORMAL" "INCR" "LARGE" "V.LARGE" );
	position = (910 -910);
	label = "R_LNLLP_APB_MUSIZE";
}
node R_LNLLP_APB_NEUR_ACT
{
	states = ("NO" "FASCIC" "NEUROMYO" "MYOKYMIA" "TETANUS" "OTHER" );
	position = (920 -920);
	label = "R_LNLLP_APB_NEUR_ACT";
}
node R_LNLT1_APB_DENERV
{
	states = ("NO" "MILD" "MOD" "SEV" );
	position = (930 -930);
	label = "R_LNLT1_APB_DENERV";
}
node R_LNLT1_APB_DE_REGEN
{
	states = ("NO" "YES" );
	position = (940 -940);
	label = "R_LNLT1_APB_DE_REGEN";
}
node R_LNLT1_APB_MALOSS
{
	states = ("NO" "MILD" "MOD" "SEV" "TOTAL" );
	position = (950 -950);
	label = "R_LNLT1_APB_MALOSS";
}
node R_LNLT1_APB_MUDENS
{
	states = ("NORMAL" "INCR" "V.INCR" );
	position = (960 -960);
	label = "R_LNLT1_APB_MUDENS";
}
node R_LNLT1_APB_MUSIZE
{
	states = ("V.SMALL" "SMALL" "NORMAL" "INCR" "LARGE" "V.LARGE" );
	position = (970 -970);
	label = "R_LNLT1_APB_MUSIZE";
}
node R_LNLT1_APB_NEUR_ACT
{
	states = ("NO" "FASCIC" "NEUROMYO" "MYOKYMIA" "TETANUS" "OTHER" );
	position = (980 -980);
	label = "R_LNLT1_APB_NEUR_ACT";
}
node R_LNLT1_LP_APB_DENERV
{
	states = ("NO" "MILD" "MOD" "SEV" );
	position = (990 -990);
	label = "R_LNLT1_LP_APB_DENERV";
}
node R_LNLT1_LP_APB_DE_REGEN
{
	states = ("NO" "YES" );
	position = (1000 -1000);
	label = "R_LNLT1_LP_APB_DE_REGEN";
}
node R_LNLT1_LP_APB_MALOSS
{
	states = ("NO" "MILD" "MOD" "SEV" "TOTAL" );
	position = (1010 -1010);
	label = "R_LNLT1_LP_APB_MALOSS";
}
node R_LNLT1_LP_APB_MUDENS
{
	states = ("NORMAL" "INCR" "V.INCR" );
	position = (1020 -1020);
	label = "R_LNLT1_LP_APB_MUDENS";
}
node R_LNLT1_LP_APB_MUSIZE
{
	states = ("V.SMALL" "SMALL" "NORMAL" "INCR" "LARGE" "V.LARGE" );
	position = (1030 -1030);
	label = "R_LNLT1_LP_APB_MUSIZE";
}
node R_LNLT1_LP_APB_NEUR_ACT
{
	states = ("NO" "FASCIC" "NEUROMYO" "MYOKYMIA" "TETANUS" "OTHER" );
	position = (1040 -1040);
	label = "R_LNLT1_LP_APB_NEUR_ACT";
}
node R_LNLT1_LP_BE_APB_DENERV
{
	states = ("NO" "MILD" "MOD" "SEV" );
	position = (1050 -1050);
	label = "R_LNLT1_LP_BE_APB_DENERV";
}
node R_LNLT1_LP_BE_APB_DE_REGEN
{
	states = ("NO" "YES" );
	position = (1060 -1060);
	label = "R_LNLT1_LP_BE_APB_DE_REGEN";
}
node R_LNLT1_LP_BE_APB_MALOSS
{
	states = ("NO" "MILD" "MOD" "SEV" "TOTAL" );
	position = (1070 -1070);
	label = "R_LNLT1_LP_BE_APB_MALOSS";
}
node R_LNLT1_LP_BE_APB_MUDENS
{
	states = ("NORMAL" "INCR" "V.INCR" );
	position = (1080 -1080);
	label = "R_LNLT1_LP_BE_APB_MUDENS";
}
node R_LNLT1_LP_BE_APB_MUSIZE
{
	states = ("V.SMALL" "SMALL" "NORMAL" "INCR" "LARGE" "V.LARGE" );
	position = (1090 -1090);
	label = "R_LNLT1_LP_BE_APB_MUSIZE";
}
node R_LNLT1_LP_BE_APB_NEUR_ACT
{
	states = ("NO" "FASCIC" "NEUROMYO" "MYOKYMIA" "TETANUS" "OTHER" );
	position = (1100 -1100);
	label = "R_LNLT1_LP_BE_APB_NEUR_ACT";
}
node R_LNLW_APB_DENERV
{
	states = ("NO" "MILD" "MOD" "SEV" );
	position = (1110 -1110);
	label = "R_LNLW_APB_DENERV";
}
node R_LNLW_APB_DE_REGEN
{
	states = ("NO" "YES" );
	position = (1120 -1120);
	label = "R_LNLW_APB_DE_REGEN";
}
node R_LNLW_APB_MALOSS
{
	states = ("NO" "MILD" "MOD" "SEV" "TOTAL" );
	position = (1130 -1130);
	label = "R_LNLW_APB_MALOSS";
}
node R_LNLW_APB_MUDENS
{
	states = ("NORMAL" "INCR" "V.INCR" );
	position = (1140 -1140);
	label = "R_LNLW_APB_MUDENS";
}
node R_LNLW_APB_MUSIZE
{
	states = ("V.SMALL" "SMALL" "NORMAL" "INCR" "LARGE" "V.LARGE" );
	position = (1150 -1150);
	label = "R_LNLW_APB_MUSIZE";
}
node R_LNLW_APB_NEUR_ACT
{
	states = ("NO" "FASCIC" "NEUROMYO" "MYOKYMIA" "TETANUS" "OTHER" );
	position = (1160 -1160);
	label = "R_LNLW_APB_NEUR_ACT";
}
node R_LNLW_MEDD2_BLOCK_WD
{
	states = ("NO" "MILD" "MOD" "SEV" "TOTAL" );
	position = (1170 -1170);
	label = "R_LNLW_MEDD2_BLOCK_WD";
}
node R_LNLW_MEDD2_DISP_WD
{
	states = ("NO" "MILD" "MOD" "SEV" );
	position = (1180 -1180);
	label = "R_LNLW_MEDD2_DISP_WD";
}
node R_LNLW_MEDD2_LD_WD
{
	states = ("NO" "MILD" "MOD" "SEV" );
	position = (1190 -1190);
	label = "R_LNLW_MEDD2_LD_WD";
}
node R_LNLW_MEDD2_RD_WD
{
	states = ("NO" "MOD" "SEV" );
	position = (1200 -1200);
	label = "R_LNLW_MEDD2_RD_WD";
}
node R_LNLW_MEDD2_SALOSS_WD
{
	states = ("NO" "MILD" "MOD" "SEV" "TOTAL" );
	position = (1210 -1210);
	label = "R_LNLW_MEDD2_SALOSS_WD";
}
node R_LNLW_MED_BLOCK
{
	states = ("NO" "MILD" "MOD" "SEV" "TOTAL" );
	position = (1220 -1220);
	label = "R_LNLW_MED_BLOCK";
}
node R_LNLW_MED_PATHO
{
	states = ("DEMY" "BLOCK" "AXONAL" "V.E.REIN" "E.REIN" );
	position = (1230 -1230);
	label = "R_LNLW_MED_PATHO";
}
node R_LNLW_MED_SEV
{
	states = ("NO" "MILD" "MOD" "SEV" "TOTAL" );
	position = (1240 -1240);
	label = "R_LNLW_MED_SEV";
}
node R_LNLW_MED_TIME
{
	states = ("ACUTE" "SUBACUTE" "CHRONIC" "OLD" );
	position = (1250 -1250);
	label = "R_LNLW_MED_TIME";
}
node R_LNL_DIFFN_APB_DENERV
{
	states = ("NO" "MILD" "MOD" "SEV" );
	position = (1260 -1260);
	label = "R_LNL_DIFFN_APB_DENERV";
}
node R_LNL_DIFFN_APB_DE_REGEN
{
	states = ("NO" "YES" );
	position = (1270 -1270);
	label = "R_LNL_DIFFN_APB_DE_REGEN";
}
node R_LNL_DIFFN_APB_MUDENS
{
	states = ("NORMAL" "INCR" "V.INCR" );
	position = (1280 -1280);
	label = "R_LNL_DIFFN_APB_MUDENS";
}
node R_LNL_DIFFN_APB_MUSIZE
{
	states = ("V.SMALL" "SMALL" "NORMAL" "INCR" "LARGE" "V.LARGE" );
	position = (1290 -1290);
	label = "R_LNL_DIFFN_APB_MUSIZE";
}
node R_MEDD2_ALLAMP_WD
{
	states = ("ZERO" "A0.01" "A0.10" "A0.30" "A0.70" "A1.00" );
	position = (1300 -1300);
	label = "R_MEDD2_ALLAMP_WD";
}
node R_MEDD2_ALLCV_EW
{
	states = ("M/S60" "M/S52" "M/S44" "M/S36" "M/S28" "M/S20" "M/S14" "M/S08" "M/S00" );
	position = (1310 -1310);
	label = "R_MEDD2_ALLCV_EW";
}
node R_MEDD2_ALLCV_WD
{
	states = ("M/S60" "M/S52" "M/S44" "M/S36" "M/S28" "M/S20" "M/S14" "M/S08" "M/S00" );
	position = (1320 -1320);
	label = "R_MEDD2_ALLCV_WD";
}
node R_MEDD2_AMPR_EW
{
	states = ("R0.0" "R0.1" "R0.2" "R0.3" "R0.4" "R0.5" "R0.6" "R0.7" "R0.8" "R0.9" "R1.0" "R>1.1" );
	position = (1330 -1330);
	label = "R_MEDD2_AMPR_EW";
}
node R_MEDD2_AMP_WD
{
	states = ("UV<0.63" "UV0.88" "UV1.25" "UV1.77" "UV2.50" "UV3.50" "UV5.00" "UV7.10" "UV10.0" "UV14.0" "UV20.0" "UV28.0" "UV40.0" "UV57.0" "UV>80.0" );
	position = (1340 -1340);
	label = "R_MEDD2_AMP_WD";
}
node R_MEDD2_BLOCK_EW
{
	states = ("NO" "MILD" "MOD" "SEV" "TOTAL" );
	position = (1350 -1350);
	label = "R_MEDD2_BLOCK_EW";
}
node R_MEDD2_BLOCK_WD
{
	states = ("NO" "MILD" "MOD" "SEV" "TOTAL" );
	position = (1360 -1360);
	label = "R_MEDD2_BLOCK_WD";
}
node R_MEDD2_CV_EW
{
	states = ("M/S00" "M/S04" "M/S08" "M/S12" "M/S16" "M/S20" "M/S24" "M/S28" "M/S32" "M/S36" "M/S40" "M/S44" "M/S48" "M/S52" "M/S56" "M/S60" "M/S64" "M/S68" "M/S72" "M/S>76" );
	position = (1370 -1370);
	label = "R_MEDD2_CV_EW";
}
node R_MEDD2_CV_WD
{
	states = ("M/S00" "M/S04" "M/S08" "M/S12" "M/S16" "M/S20" "M/S24" "M/S28" "M/S32" "M/S36" "M/S40" "M/S44" "M/S48" "M/S52" "M/S56" "M/S60" "M/S64" "M/S68" "M/S>72" );
	position = (1380 -1380);
	label = "R_MEDD2_CV_WD";
}
node R_MEDD2_DIFSLOW_EW
{
	states = ("NO" "MILD" "MOD" "SEV" );
	position = (1390 -1390);
	label = "R_MEDD2_DIFSLOW_EW";
}
node R_MEDD2_DIFSLOW_WD
{
	states = ("NO" "MILD" "MOD" "SEV" );
	position = (1400 -1400);
	label = "R_MEDD2_DIFSLOW_WD";
}
node R_MEDD2_DISP_EW
{
	states = ("NO" "MILD" "MOD" "SEV" );
	position = (1410 -1410);
	label = "R_MEDD2_DISP_EW";
}
node R_MEDD2_DISP_EWD
{
	states = ("R0.15" "R0.25" "R0.35" "R0.45" "R0.55" "R0.65" "R0.75" "R0.85" "R0.95" );
	position = (1420 -1420);
	label = "R_MEDD2_DISP_EWD";
}
node R_MEDD2_DISP_WD
{
	states = ("NO" "MILD" "MOD" "SEV" );
	position = (1430 -1430);
	label = "R_MEDD2_DISP_WD";
}
node R_MEDD2_DSLOW_EW
{
	states = ("M/S60" "M/S52" "M/S44" "M/S36" "M/S28" "M/S20" "M/S14" "M/S08" "M/S00" );
	position = (1440 -1440);
	label = "R_MEDD2_DSLOW_EW";
}
node R_MEDD2_DSLOW_WD
{
	states = ("M/S60" "M/S52" "M/S44" "M/S36" "M/S28" "M/S20" "M/S14" "M/S08" "M/S00" );
	position = (1450 -1450);
	label = "R_MEDD2_DSLOW_WD";
}
node R_MEDD2_EFFAXLOSS
{
	states = ("NO" "MILD" "MOD" "SEV" "TOTAL" );
	position = (1460 -1460);
	label = "R_MEDD2_EFFAXLOSS";
}
node R_MEDD2_LD_EW
{
	states = ("NO" "MILD" "MOD" "SEV" );
	position = (1470 -1470);
	label = "R_MEDD2_LD_EW";
}
node R_MEDD2_LD_WD
{
	states = ("NO" "MILD" "MOD" "SEV" );
	position = (1480 -1480);
	label = "R_MEDD2_LD_WD";
}
node R_MEDD2_LSLOW_EW
{
	states = ("NO" "MILD" "MOD" "SEV" "V.SEV" );
	position = (1490 -1490);
	label = "R_MEDD2_LSLOW_EW";
}
node R_MEDD2_LSLOW_WD
{
	states = ("NO" "MILD" "MOD" "SEV" "V.SEV" );
	position = (1500 -1500);
	label = "R_MEDD2_LSLOW_WD";
}
node R_MEDD2_RD_EW
{
	states = ("NO" "MOD" "SEV" );
	position = (1510 -1510);
	label = "R_MEDD2_RD_EW";
}
node R_MEDD2_RD_WD
{
	states = ("NO" "MOD" "SEV" );
	position = (1520 -1520);
	label = "R_MEDD2_RD_WD";
}
node R_MEDD2_SALOSS
{
	states = ("NO" "MILD" "MOD" "SEV" "TOTAL" );
	position = (1530 -1530);
	label = "R_MEDD2_SALOSS";
}
node R_MED_ALLCV_EW
{
	states = ("M/S60" "M/S56" "M/S52" "M/S44" "M/S36" "M/S28" "M/S20" "M/S14" "M/S08" "M/S00" );
	position = (1540 -1540);
	label = "R_MED_ALLCV_EW";
}
node R_MED_ALLDEL_WA
{
	states = ("MS0.0" "MS0.4" "MS0.8" "MS1.6" "MS3.2" "MS6.4" "MS12.8" "MS25.6" "INFIN" );
	position = (1550 -1550);
	label = "R_MED_ALLDEL_WA";
}
node R_MED_AMPR_EW
{
	states = ("R>1.1" "R1.0" "R0.9" "R0.8" "R0.7" "R0.6" "R0.5" "R0.4" "R0.3" "R0.2" "R0.1" "R0.0" );
	position = (1560 -1560);
	label = "R_MED_AMPR_EW";
}
node R_MED_AMP_WA
{
	states = ("MV.000" "MV.13" "MV.18" "MV.25" "MV.35" "MV.5" "MV.71" "MV1" "MV1.4" "MV2" "MV2.8" "MV4" "MV5.6" "MV8" "MV11.3" "MV16" "MV22.6" );
	position = (1570 -1570);
	label = "R_MED_AMP_WA";
}
node R_MED_BLOCK_EW
{
	states = ("NO" "MILD" "MOD" "SEV" "TOTAL" );
	position = (1580 -1580);
	label = "R_MED_BLOCK_EW";
}
node R_MED_BLOCK_WA
{
	states = ("NO" "MILD" "MOD" "SEV" "TOTAL" );
	position = (1590 -1590);
	label = "R_MED_BLOCK_WA";
}
node R_MED_CV_EW
{
	states = ("M/S00" "M/S04" "M/S08" "M/S12" "M/S16" "M/S20" "M/S24" "M/S28" "M/S32" "M/S36" "M/S40" "M/S44" "M/S48" "M/S52" "M/S56" "M/S60" "M/S64" "M/S68" "M/S72" );
	position = (1600 -1600);
	label = "R_MED_CV_EW";
}
node R_MED_DCV_EW
{
	states = ("M/S60" "M/S56" "M/S52" "M/S44" "M/S36" "M/S28" "M/S20" "M/S14" "M/S08" "M/S00" );
	position = (1610 -1610);
	label = "R_MED_DCV_EW";
}
node R_MED_DCV_WA
{
	states = ("M/S60" "M/S52" "M/S44" "M/S36" "M/S28" "M/S20" "M/S14" "M/S08" "M/S00" );
	position = (1620 -1620);
	label = "R_MED_DCV_WA";
}
node R_MED_DIFSLOW_EW
{
	states = ("NO" "MILD" "MOD" "SEV" );
	position = (1630 -1630);
	label = "R_MED_DIFSLOW_EW";
}
node R_MED_DIFSLOW_WA
{
	states = ("NO" "MILD" "MOD" "SEV" );
	position = (1640 -1640);
	label = "R_MED_DIFSLOW_WA";
}
node R_MED_LAT_WA
{
	states = ("MS2.3" "MS2.7" "MS3.1" "MS3.5" "MS3.9" "MS4.3" "MS4.7" "MS5.3" "MS5.9" "MS6.5" "MS7.1" "MS8.0" "MS9.0" "MS10.0" "MS12.0" "MS14.0" "MS16.0" "MS18.0" "INFIN" );
	position = (1650 -1650);
	label = "R_MED_LAT_WA";
}
node R_MED_LD_EW
{
	states = ("NO" "MILD" "MOD" "SEV" );
	position = (1660 -1660);
	label = "R_MED_LD_EW";
}
node R_MED_LD_WA
{
	states = ("NO" "MILD" "MOD" "SEV" );
	position = (1670 -1670);
	label = "R_MED_LD_WA";
}
node R_MED_RDLDCV_EW
{
	states = ("M/S60" "M/S52" "M/S44" "M/S27" "M/S15" "M/S07" );
	position = (1680 -1680);
	label = "R_MED_RDLDCV_EW";
}
node R_MED_RDLDDEL
{
	states = ("MS3.1" "MS3.9" "MS4.7" "MS10.1" "MS20.1" );
	position = (1690 -1690);
	label = "R_MED_RDLDDEL";
}
node R_MED_RD_EW
{
	states = ("NO" "MOD" "SEV" );
	position = (1700 -1700);
	label = "R_MED_RD_EW";
}
node R_MED_RD_WA
{
	states = ("NO" "MOD" "SEV" );
	position = (1710 -1710);
	label = "R_MED_RD_WA";
}
node R_MUSCLE_APB_DENERV
{
	states = ("NO" "MILD" "MOD" "SEV" );
	position = (1720 -1720);
	label = "R_MUSCLE_APB_DENERV";
}
node R_MUSCLE_APB_MUDENS
{
	states = ("NORMAL" "INCR" "V.INCR" );
	position = (1730 -1730);
	label = "R_MUSCLE_APB_MUDENS";
}
node R_MYAS_APB_MUDENS
{
	states = ("NORMAL" "INCR" "V.INCR" );
	position = (1740 -1740);
	label = "R_MYAS_APB_MUDENS";
}
node R_MYAS_APB_NMT
{
	states = ("NO" "MOD.PRE" "SEV.PRE" "MLD.POST" "MOD.POST" "SEV.POST" "MIXED" );
	position = (1750 -1750);
	label = "R_MYAS_APB_NMT";
}
node R_MYDY_APB_DENERV
{
	states = ("NO" "MILD" "MOD" "SEV" );
	position = (1760 -1760);
	label = "R_MYDY_APB_DENERV";
}
node R_MYDY_APB_DE_REGEN
{
	states = ("NO" "YES" );
	position = (1770 -1770);
	label = "R_MYDY_APB_DE_REGEN";
}
node R_MYDY_APB_MUDENS
{
	states = ("NORMAL" "INCR" "V.INCR" );
	position = (1780 -1780);
	label = "R_MYDY_APB_MUDENS";
}
node R_MYDY_APB_MUSIZE
{
	states = ("V.SMALL" "SMALL" "NORMAL" "INCR" "LARGE" "V.LARGE" );
	position = (1790 -1790);
	label = "R_MYDY_APB_MUSIZE";
}
node R_MYOP_APB_DENERV
{
	states = ("NO" "MILD" "MOD" "SEV" );
	position = (1800 -1800);
	label = "R_MYOP_APB_DENERV";
}
node R_MYOP_APB_DE_REGEN
{
	states = ("NO" "YES" );
	position = (1810 -1810);
	label = "R_MYOP_APB_DE_REGEN";
}
node R_MYOP_APB_MUDENS
{
	states = ("NORMAL" "INCR" "V.INCR" );
	position = (1820 -1820);
	label = "R_MYOP_APB_MUDENS";
}
node R_MYOP_APB_MUSIZE
{
	states = ("V.SMALL" "SMALL" "NORMAL" "INCR" "LARGE" "V.LARGE" );
	position = (1830 -1830);
	label = "R_MYOP_APB_MUSIZE";
}
node R_MYOP_MYDY_APB_DENERV
{
	states = ("NO" "MILD" "MOD" "SEV" );
	position = (1840 -1840);
	label = "R_MYOP_MYDY_APB_DENERV";
}
node R_MYOP_MYDY_APB_DE_REGEN
{
	states = ("NO" "YES" );
	position = (1850 -1850);
	label = "R_MYOP_MYDY_APB_DE_REGEN";
}
node R_MYOP_MYDY_APB_MUDENS
{
	states = ("NORMAL" "INCR" "V.INCR" );
	position = (1860 -1860);
	label = "R_MYOP_MYDY_APB_MUDENS";
}
node R_MYOP_MYDY_APB_MUSIZE
{
	states = ("V.SMALL" "SMALL" "NORMAL" "INCR" "LARGE" "V.LARGE" );
	position = (1870 -1870);
	label = "R_MYOP_MYDY_APB_MUSIZE";
}
node R_NMT_APB_DENERV
{
	states = ("NO" "MILD" "MOD" "SEV" );
	position = (1880 -1880);
	label = "R_NMT_APB_DENERV";
}
potential ( R_LNLLP_APB_DE_REGEN | )
{
	data = (	0.14729681982670947	0.8527031801732905	);
}
potential ( R_LNLT1_APB_DE_REGEN | )
{
	data = (	0.47684773474270237	0.5231522652572976	);
}
potential ( R_MYDY_APB_DE_REGEN | )
{
	data = (	0.3223335250771878	0.6776664749228122	);
}
potential ( R_MYOP_APB_DE_REGEN | )
{
	data = (	0.822112754104495	0.177887245895505	);
}
potential ( DIFFN_DISTR | )
{
	data = (	0.4639556002289101	0.349481734878071	0.18656266489301898	);
}
potential ( DIFFN_TYPE | )
{
	data = (	0.259246293403384	0.6671217419007147	0.07363196469590133	);
}
potential ( R_LNLLP_APB_MUDENS | )
{
	data = (	0.16819147259599074	0.4181143696996177	0.4136941577043916	);
}
potential ( R_LNLT1_APB_MUDENS | )
{
	data = (	0.6742528412939628	0.2951228772172185	0.03062428148881866	);
}
potential ( R_MYAS_APB_MUDENS | )
{
	data = (	0.31447832908143175	0.281070202909995	0.40445146800857334	);
}
potential ( R_MYDY_APB_MUDENS | )
{
	data = (	0.022878603576428097	0.2520226291787425	0.7250987672448294	);
}
potential ( R_MYOP_APB_MUDENS | )
{
	data = (	0.4211354270358028	0.12383195378073003	0.4550326191834672	);
}
potential ( DIFFN_SEV | )
{
	data = (	0.1368260696098326	0.4066192749574036	0.24421712632731313	0.21233752910545073	);
}
potential ( DIFFN_TIME | )
{
	data = (	0.33937322680679616	0.2724468965093634	0.15278231658333383	0.2353975601005067	);
}
potential ( R_APB_VOL_ACT | )
{
	data = (	0.27275845794516856	0.46413965358433856	0.24726227218435515	0.015839616286137823	);
}
potential ( R_LNLBE_MED_TIME | )
{
	data = (	0.2505481077460431	0.24180986287510683	0.2386630824450651	0.26897894693378493	);
}
potential ( R_LNLLP_APB_DENERV | )
{
	data = (	0.30462143827433874	0.2668024325390313	0.22627561810052108	0.2023005110861089	);
}
potential ( R_LNLT1_APB_DENERV | )
{
	data = (	0.2541994020265215	0.2324395296945383	0.26609447143495685	0.2472665968439833	);
}
potential ( R_LNLW_MED_TIME | )
{
	data = (	0.03120171080934154	0.2332396823052755	0.36879536982457695	0.36676323706080605	);
}
potential ( R_MYDY_APB_DENERV | )
{
	data = (	0.19593103056870295	0.15839836472992497	0.2739770749328096	0.37169352976856257	);
}
potential ( R_MYOP_APB_DENERV | )
{
	data = (	0.42006862533968453	0.4193397370788276	0.12495055786538402	0.0356410797161037	);
}
potential ( DIFFN_PATHO | )
{
	data = (	0.20153579839546085	0.11550713926086813	0.20161315010292744	0.17839429316970098	0.30294961907104273	);
}
potential ( R_LNLBE_MED_PATHO | )
{
	data = (	0.03548728097642864	0.03065270764598834	0.4190289845256357	0.001296831755501175	0.5135341950964462	);
}
potential ( R_LNLBE_MED_SEV | )
{
	data = (	0.37088334141605606	0.22325175711726847	0.19580332873078546	0.20780635238906237	0.002255220346827623	);
}
potential ( R_LNLLP_APB_MALOSS | )
{
	data = (	0.05515339928046173	0.20946467851534972	0.2535530023342327	0.2565634524044335	0.22526546746552226	);
}
potential ( R_LNLT1_APB_MALOSS | )
{
	data = (	0.24601615334144605	0.27581279231992023	0.15893079119696768	0.18455003331494677	0.13469022982671933	);
}
potential ( R_LNLW_MED_PATHO | )
{
	data = (	0.22445244813240392	0.14596336964357967	0.38777424147464684	0.225960479679556	0.015849461069813657	);
}
potential ( R_LNLW_MED_SEV | )
{
	data = (	0.2421175251258728	0.37654272644335446	0.1306422867597138	0.09786912077964098	0.15282834089141792	);
}
potential ( R_LNLLP_APB_MUSIZE | )
{
	data = (	0.20840284481171267	0.23006346236498249	0.15502350421622738	0.006413404205068877	0.2001036506699574	0.1999931337320511	);
}
potential ( R_LNLLP_APB_NEUR_ACT | )
{
	data = (	0.16229156439130693	0.024717609762693084	0.21612897950428392	0.25759000138621124	0.05152121900324545	0.2877506259522595	);
}
potential ( R_LNLT1_APB_MUSIZE | )
{
	data = (	0.24697731909397075	0.09822047623978475	0.13170548313171457	0.15479515566976287	0.08515794578787503	0.2831436200768921	);
}
potential ( R_LNLT1_APB_NEUR_ACT | )
{
	data = (	0.11136885632117292	0.18620512778195458	0.2856876686262964	0.2441112896714546	0.13715059189713502	0.03547646570198638	);
}
potential ( R_MYDY_APB_MUSIZE | )
{
	data = (	0.2577084117294101	0.02729911215324414	0.1454883947257584	0.1644435513959621	0.2625411046863537	0.1425194253092715	);
}
potential ( R_MYOP_APB_MUSIZE | )
{
	data = (	0.08551274054380799	0.14887027248254017	0.08303254669141442	0.06399368798974982	0.31407906868616003	0.3045116836063275	);
}
potential ( R_MYAS_APB_NMT | )
{
	data = (	0.1341041996520289	0.08384253449097678	0.2187439716217927	0.04417751660975435	0.16974554206467782	0.20576997293313773	0.1436162626276317	);
}
potential ( R_APB_MUPSATEL | R_APB_DE_REGEN )
{
	data = ((	0.5175613000431917	0.48243869995680827	)
		(	0.17478381439832041	0.8252161856016796	));
}
potential ( R_APB_QUAL_MUPPOLY | R_APB_QUAN_MUPPOLY )
{
	data = ((	0.6973981868648185	0.3026018131351816	)
		(	0.4274864753096646	0.5725135246903353	)
		(	0.4689036608101286	0.5310963391898715	));
}
potential ( R_APB_SPONT_HF_DISCH | R_APB_DENERV )
{
	data = ((	0.5094456146680816	0.4905543853319184	)
		(	0.4944311179663203	0.5055688820336797	)
		(	0.5511530158834456	0.44884698411655444	)
		(	0.03201508488238263	0.9679849151176174	));
}
potential ( R_APB_SPONT_INS_ACT | R_APB_DENERV )
{
	data = ((	0.09059631578661942	0.9094036842133806	)
		(	0.5435220566880433	0.4564779433119567	)
		(	0.38478229978327927	0.6152177002167206	)
		(	0.4279200552854831	0.572079944714517	));
}
potential ( R_APB_SF_DENSITY | R_APB_MUDENS )
{
	data = ((	0.3993310746726605	0.4573707109112731	0.14329821441606644	)
		(	0.04225578342085111	0.3405722372843618	0.617171979294787	)
		(	0.2555937850100318	0.34761117109216394	0.3967950438978042	));
}
potential ( R_MEDD2_RD_EW | R_LNLBE_MEDD2_RD_EW )
{
	data = ((	0.35289707499144574	0.5437211138205219	0.10338181118803239	)
		(	0.05595683085419238	0.23981173296053188	0.7042314361852757	)
		(	0.36384940536355753	0.2744892118072982	0.36166138282914445	));
}
potential ( R_MEDD2_RD_WD | R_LNLW_MEDD2_RD_WD )
{
	data = ((	0.4199480228565753	0.4488475650275282	0.13120441211589653	)
		(	0.3891075390677731	0.10035464496944904	0.5105378159627778	)
		(	0.31546032585736683	0.21185683950995426	0.4726828346326789	));
}
potential ( R_DE_REGEN_APB_NMT | R_APB_DE_REGEN )
{
	data = ((	0.2719965702882595	0.11026180855463105	0.06064938054218829	0.13239886329429196	0.029379429469525004	0.31269932046999227	0.08261462738111194	)
		(	0.03910962104004654	0.2683671222677078	0.12060894831369937	0.24228324877985596	0.2566820236721923	0.04482856062695379	0.028120475299544208	));
}
potential ( R_APB_MUPINSTAB | R_APB_NMT )
{
	data = ((	0.28452186508602284	0.7154781349139772	)
		(	0.41582769996304325	0.5841723000369566	)
		(	0.6024089000321823	0.3975910999678178	)
		(	0.9547713378565931	0.04522866214340695	)
		(	0.49091765837215084	0.5090823416278492	)
		(	0.9031019433752195	0.09689805662478049	)
		(	0.7933681844454672	0.20663181555453275	));
}
potential ( R_LNLBE_MEDD2_RD_EW | R_LNLBE_MED_PATHO )
{
	data = ((	0.647729657803216	0.046632619206545864	0.30563772299023817	)
		(	0.411885965231625	0.3566223521871611	0.23149168258121394	)
		(	0.6644725852916696	0.1190710074559282	0.21645640725240212	)
		(	0.2827121171690423	0.5004583195593244	0.21682956327163339	)
		(	0.4650182819451523	0.46705435829753184	0.06792735975731583	));
}
potential ( R_MED_RD_EW | R_LNLBE_MED_PATHO )
{
	data = ((	0.35216368924537267	0.5567757612657904	0.0910605494888368	)
		(	0.3483189451579122	0.3698021262249043	0.28187892861718356	)
		(	0.38670065158675176	0.30468653411549595	0.3086128142977522	)
		(	0.35695058746436514	0.42338144794987803	0.2196679645857568	)
		(	0.44860093148938934	0.3864899961295441	0.16490907238106645	));
}
potential ( R_LNLW_MEDD2_RD_WD | R_LNLW_MED_PATHO )
{
	data = ((	0.3428746050695988	0.5973231147087565	0.059802280221644605	)
		(	0.6264043732984648	0.12133354366247433	0.25226208303906106	)
		(	0.22512220613822265	0.5987230977054697	0.17615469615630758	)
		(	0.1818859862613097	0.42124669115950775	0.39686732257918256	)
		(	0.3429012088693198	0.42175096515567906	0.2353478259750011	));
}
potential ( R_MED_RD_WA | R_LNLW_MED_PATHO )
{
	data = ((	0.2176235251622184	0.34799753710681397	0.43437893773096764	)
		(	0.13446604473337698	0.7256142738011422	0.13991968146548084	)
		(	0.3271022317352019	0.25276074199710824	0.42013702626768973	)
		(	0.2020508171068653	0.3856289390263154	0.41232024386681926	)
		(	0.3376371052979578	0.27056072017454846	0.39180217452749366	));
}
potential ( R_APB_SPONT_DENERV_ACT | R_APB_DENERV )
{
	data = ((	0.752931576916027	0.011841171983883987	0.21318980009080993	0.02203745100927911	)
		(	0.0923779170780635	0.2901203339273391	0.292607871795486	0.32489387719911156	)
		(	0.04968908319683265	0.3623347348117753	0.3920178836470283	0.19595829834436382	)
		(	0.2706725004773702	0.24225409458929528	0.15136413901115636	0.3357092659221781	));
}
potential ( R_MEDD2_DISP_WD | R_DIFFN_LNLW_MEDD2_DISP_WD )
{
	data = ((	0.3728747343953598	0.17515340325317555	0.35453603947405155	0.09743582287741315	)
		(	0.1641192218412631	0.23178402532279685	0.3589443116961806	0.2451524411397595	)
		(	0.17960518721646834	0.32551894495090306	0.1532018882266796	0.3416739796059489	)
		(	0.2568941708668558	0.37069917842517935	0.0030044710238592257	0.3694021796841055	));
}
potential ( R_MEDD2_DIFSLOW_EW | R_DIFFN_MEDD2_DIFSLOW )
{
	data = ((	0.4417177772986637	0.07196069154409374	0.3028405479208958	0.18348098323634682	)
		(	0.12321742076869718	0.4827451216839933	0.33353849840841576	0.06049895913889368	)
		(	0.2659322508709976	0.08101105759277855	0.30185039418689263	0.35120629734933123	)
		(	0.40959044229514024	0.42824226689136147	0.07040507286648111	0.09176221794701706	));
}
potential ( R_MED_DIFSLOW_EW | R_DIFFN_MED_DIFSLOW )
{
	data = ((	0.431938761078643	0.40125617567254107	0.08481574709847267	0.08198931615034334	)
		(	0.39595396829557256	0.21843240716927464	0.07800114231466418	0.3076124822204886	)
		(	0.1410636673484866	0.2463500083392914	0.1769065445755972	0.4356797797366247	)
		(	0.4168938057041363	0.41643574392130606	0.02417480450809207	0.14249564586646546	));
}
potential ( R_MEDD2_LD_EW | R_LNLBE_MEDD2_LD_EW )
{
	data = ((	0.271952222345144	0.1501290801528817	0.2000197373381938	0.3778989601637805	)
		(	0.3586037187264539	0.21519754535553695	0.2625789442234654	0.1636197916945438	)
		(	0.21548500040300123	0.22289602096234915	0.24902170345753422	0.31259727517711544	)
		(	0.42118066954010763	0.2871264683459014	0.03496491216598119	0.2567279499480099	));
}
potential ( R_MEDD2_LD_WD | R_LNLW_MEDD2_LD_WD )
{
	data = ((	0.26995580267572467	0.5662516006342451	0.06813989570707008	0.09565270098296036	)
		(	0.05317311832498858	0.27459030679777635	0.4812519072425402	0.1909846676346948	)
		(	0.32855957489154836	0.3868482647530184	0.25940949006101877	0.02518267029441437	)
		(	0.5117344908756515	0.0967969918634095	0.14264999566099193	0.24881852159994705	));
}
potential ( R_LNLBE_MEDD2_DIFSLOW_WD | R_LNLBE_MED_PATHO )
{
	data = ((	0.1479924323355907	0.3220175683666208	0.284456087290979	0.24553391200680952	)
		(	0.18766527346100226	0.17383422064351534	0.355452154677758	0.2830483512177243	)
		(	0.07436782298334305	0.6105699939240353	0.21291314296779199	0.10214904012482952	)
		(	0.27835983194933955	0.45539790174966127	0.09301616687688251	0.1732260994241167	)
		(	0.2798347406472197	0.38912516156735594	0.272484995933747	0.058555101851677546	));
}
potential ( R_LNLBE_MED_DIFSLOW | R_LNLBE_MED_PATHO )
{
	data = ((	0.10956090379825818	0.4301850198702346	0.3757854110185302	0.08446866531297703	)
		(	0.4530875295864501	0.017824311675874248	0.4328361524986898	0.09625200623898592	)
		(	0.29513887147770995	0.15202987707459603	0.2917782933306232	0.2610529581170707	)
		(	0.2527577304246417	0.2311559081021171	0.48236424363121555	0.03372211784202567	)
		(	0.4194618043055785	0.10516157785094174	0.17937919712592537	0.2959974207175542	));
}
potential ( R_APB_MVA_AMP | R_APB_EFFMUS )
{
	data = ((	0.19008089873439682	0.22560005957443705	0.5843190416911661	)
		(	0.32503143074270197	0.2628013153335893	0.41216725392370884	)
		(	0.5490557431911338	0.1482888767463087	0.3026553800625575	)
		(	0.37013615792483445	0.28939796331216905	0.34046587876299644	)
		(	0.4445455979010202	0.3945783907797389	0.1608760113192409	)
		(	0.4458315746228274	0.15790993620912327	0.3962584891680493	)
		(	0.160194647682289	0.48714289831464214	0.35266245400306884	));
}
potential ( R_APB_QUAL_MUPDUR | R_APB_MUPDUR )
{
	data = ((	0.01975647820958897	0.7049176421059045	0.2753258796845065	)
		(	0.4284470825435661	0.3402180464682492	0.23133487098818473	)
		(	0.30743884929929716	0.3688140521438044	0.3237470985568984	)
		(	0.17683790698822954	0.3694013692324243	0.45376072377934623	)
		(	0.5293617099480541	0.35968198957849395	0.11095630047345202	)
		(	0.41895607471920293	0.15440832882494201	0.4266355964558551	)
		(	0.3351376486002868	0.31203237681123136	0.3528299745884819	));
}
potential ( R_APB_REPSTIM_FACILI | R_APB_NMT )
{
	data = ((	0.4660612270593208	0.0574407276778591	0.013807865842638083	0.4626901794201819	)
		(	0.29505379760264755	0.04115262260088232	0.17075472442461007	0.49303885537186004	)
		(	0.25451537275110764	0.3412111047420267	0.06598829732939565	0.33828522517747	)
		(	0.43333896480040046	0.2849862630438212	0.07947343675513706	0.20220133540064125	)
		(	0.46003015666881253	0.0647060578749004	0.3492517800468739	0.1260120054094132	)
		(	0.09334269220641252	0.26146117747104325	0.2801663142613277	0.36502981606121643	)
		(	0.006406225111429804	0.3963864266795499	0.4561885733051134	0.14101877490390688	));
}
potential ( R_APB_SF_JITTER | R_APB_NMT )
{
	data = ((	0.3549628060598949	0.1549460905009368	0.3290407587430026	0.16105034469616572	)
		(	0.36554477697655585	0.34586313973897986	0.1438402190503093	0.1447518642341549	)
		(	0.4221516430057141	0.047917541765774244	0.41092807562811995	0.11900273960039168	)
		(	0.05773826642239255	0.04366597943692595	0.6864870125307705	0.21210874160991114	)
		(	0.3171667799691659	0.20864692387595304	0.27253687772783225	0.20164941842704875	)
		(	0.37576733627803055	0.15618440318647775	0.22242957002040234	0.24561869051508922	)
		(	0.19033087540117863	0.38984652590632235	0.34028510836946485	0.07953749032303407	));
}
potential ( R_NMT_APB_DENERV | R_APB_NMT )
{
	data = ((	0.04336286939608159	0.3048156020730334	0.48703924120556463	0.16478228732532033	)
		(	0.35282626135990786	0.09404223721037991	0.20499687218204043	0.34813462924767175	)
