net
{
}
node CBODD_12_00
{
	states = ("15_MG/L" "20_MG/L" "25_MG/L" "30_MG/L" );
	position = (0 0);
	label = "CBODD_12_00";
}
node CBODD_12_15
{
	states = ("15_MG/L" "20_MG/L" "25_MG/L" "30_MG/L" );
	position = (10 -10);
	label = "CBODD_12_15";
}
node CBODD_12_30
{
	states = ("15_MG/L" "20_MG/L" "25_MG/L" "30_MG/L" );
	position = (20 -20);
	label = "CBODD_12_30";
}
node CBODD_12_45
{
	states = ("15_MG/L" "20_MG/L" "25_MG/L" "30_MG/L" );
	position = (30 -30);
	label = "CBODD_12_45";
}
node CBODN_12_00
{
	states = ("5_MG/L" "10_MG/L" "15_MG/L" "20_MG/L" );
	position = (40 -40);
	label = "CBODN_12_00";
}
node CBODN_12_15
{
	states = ("5_MG/L" "10_MG/L" "15_MG/L" "20_MG/L" );
	position = (50 -50);
	label = "CBODN_12_15";
}
node CBODN_12_30
{
	states = ("5_MG/L" "10_MG/L" "15_MG/L" "20_MG/L" );
	position = (60 -60);
	label = "CBODN_12_30";
}
node CBODN_12_45
{
	states = ("5_MG/L" "10_MG/L" "15_MG/L" "20_MG/L" );
	position = (70 -70);
	label = "CBODN_12_45";
}
node CKND_12_00
{
	states = ("2_MG/L" "4_MG/L" "6_MG/L" );
	position = (80 -80);
	label = "CKND_12_00";
}
node CKND_12_15
{
	states = ("2_MG/L" "4_MG/L" "6_MG/L" );
	position = (90 -90);
	label = "CKND_12_15";
}
node CKND_12_30
{
	states = ("2_MG/L" "4_MG/L" "6_MG/L" );
	position = (100 -100);
	label = "CKND_12_30";
}
node CKND_12_45
{
	states = ("2_MG/L" "4_MG/L" "6_MG/L" );
	position = (110 -110);
	label = "CKND_12_45";
}
node CKNI_12_00
{
	states = ("20_MG/L" "30_MG/L" "40_MG/L" );
	position = (120 -120);
	label = "CKNI_12_00";
}
node CKNI_12_15
{
	states = ("20_MG/L" "30_MG/L" "40_MG/L" );
	position = (130 -130);
	label = "CKNI_12_15";
}
node CKNI_12_30
{
	states = ("20_MG/L" "30_MG/L" "40_MG/L" );
	position = (140 -140);
	label = "CKNI_12_30";
}
node CKNI_12_45
{
	states = ("20_MG/L" "30_MG/L" "40_MG/L" );
	position = (150 -150);
	label = "CKNI_12_45";
}
node CKNN_12_00
{
	states = ("0.5_MG/L" "1_MG/L" "2_MG/L" );
	position = (160 -160);
	label = "CKNN_12_00";
}
node CKNN_12_15
{
	states = ("0.5_MG/L" "1_MG/L" "2_MG/L" );
	position = (170 -170);
	label = "CKNN_12_15";
}
node CKNN_12_30
{
	states = ("0.5_MG/L" "1_MG/L" "2_MG/L" );
	position = (180 -180);
	label = "CKNN_12_30";
}
node CKNN_12_45
{
	states = ("0.5_MG/L" "1_MG/L" "2_MG/L" );
	position = (190 -190);
	label = "CKNN_12_45";
}
node CNOD_12_00
{
	states = ("0.5_MG/L" "1_MG/L" "2_MG/L" "4_MG/L" );
	position = (200 -200);
	label = "CNOD_12_00";
}
node CNOD_12_15
{
	states = ("0.5_MG/L" "1_MG/L" "2_MG/L" "4_MG/L" );
	position = (210 -210);
	label = "CNOD_12_15";
}
node CNOD_12_30
{
	states = ("0.5_MG/L" "1_MG/L" "2_MG/L" "4_MG/L" );
	position = (220 -220);
	label = "CNOD_12_30";
}
node CNOD_12_45
{
	states = ("0.5_MG/L" "1_MG/L" "2_MG/L" "4_MG/L" );
	position = (230 -230);
	label = "CNOD_12_45";
}
node CNON_12_00
{
	states = ("2_MG/L" "4_MG/L" "6_MG/L" "10_MG/L" );
	position = (240 -240);
	label = "CNON_12_00";
}
node CNON_12_15
{
	states = ("2_MG/L" "4_MG/L" "6_MG/L" "10_MG/L" );
	position = (250 -250);
	label = "CNON_12_15";
}
node CNON_12_30
{
	states = ("2_MG/L" "4_MG/L" "6_MG/L" "10_MG/L" );
	position = (260 -260);
	label = "CNON_12_30";
}
node CNON_12_45
{
	states = ("2_MG/L" "4_MG/L" "6_MG/L" "10_MG/L" );
	position = (270 -270);
	label = "CNON_12_45";
}
node C_NI_12_00
{
	states = ("3" "4" "5" "6" );
	position = (280 -280);
	label = "C_NI_12_00";
}
node C_NI_12_15
{
	states = ("3" "4" "5" "6" );
	position = (290 -290);
	label = "C_NI_12_15";
}
node C_NI_12_30
{
	states = ("3" "4" "5" "6" );
	position = (300 -300);
	label = "C_NI_12_30";
}
node C_NI_12_45
{
	states = ("3" "4" "5" "6" );
	position = (310 -310);
	label = "C_NI_12_45";
}
potential ( CKND_12_00 | )
{
	data = (	0.279796388312785	0.41124712812281505	0.3089564835644	);
}
potential ( CKNI_12_00 | )
{
	data = (	0.44311823245623466	0.5347763407875468	0.022105426756218512	);
}
potential ( CKNN_12_00 | )
{
	data = (	0.5556823477843531	0.4411968330828773	0.0031208191327695397	);
}
potential ( CBODD_12_00 | )
{
	data = (	0.3189728402634405	0.2045185417102198	0.27566270897980905	0.20084590904653057	);
}
potential ( CBODN_12_00 | )
{
	data = (	0.2697927079516986	0.13005500675499454	0.33563053277407445	0.26452175251923243	);
}
potential ( CNOD_12_00 | )
{
	data = (	0.04187109482698952	0.4134155765117711	0.26164499691441734	0.2830683317468221	);
}
potential ( CNON_12_00 | )
{
	data = (	0.22334358137713012	0.23001173046810733	0.17879082314723563	0.3678538650075269	);
}
potential ( C_NI_12_00 | )
{
	data = (	0.30329872834947386	0.07062822288373506	0.31008009594747876	0.3159929528193123	);
}
potential ( CKNI_12_15 | CKNI_12_00 )
{
	data = ((	0.2243891095205658	0.44504882576479504	0.33056206471463906	)
		(	0.21254664124687966	0.5600694137464126	0.22738394500670764	)
		(	0.4987732895700265	0.14040545166299473	0.3608212587669789	));
}
potential ( CKNI_12_30 | CKNI_12_15 )
{
	data = ((	0.35523135265883643	0.16029666958717578	0.48447197775398776	)
		(	0.07106470898082946	0.7030433672819909	0.22589192373717967	)
		(	0.42213616587404623	0.3456670413403551	0.23219679278559868	));
}
potential ( CKNI_12_45 | CKNI_12_30 )
{
	data = ((	0.33948116452604254	0.1310024631337927	0.5295163723401648	)
		(	0.5511525452205571	0.4187582438107713	0.030089210968671464	)
		(	0.22708118479841616	0.14314923773816238	0.6297695774634214	));
}
potential ( C_NI_12_15 | C_NI_12_00 )
{
	data = ((	0.22582236805743006	0.03169716853404314	0.08209655706087203	0.6603839063476548	)
		(	0.3463306274602147	0.36365161026651016	0.00954713102210849	0.28047063125116667	)
		(	0.4999086833876258	0.0907949142476282	0.04593225995754411	0.36336414240720194	)
		(	0.3344014536237264	0.26267443625261744	0.09825376761319767	0.3046703425104585	));
}
potential ( C_NI_12_30 | C_NI_12_15 )
{
	data = ((	0.0044045760165757055	0.5011989842126513	0.18495730825207962	0.3094391315186933	)
		(	0.21324407309671237	0.27274466624613786	0.0900334383045328	0.423977822352617	)
		(	0.1809074580253304	0.09299740446566944	0.6873087230538685	0.038786414455131646	)
		(	0.6261916666297519	0.15047591645308137	0.1390245869968362	0.08430782992033059	));
}
potential ( C_NI_12_45 | C_NI_12_30 )
{
	data = ((	0.13353205377083385	0.041206886093466524	0.5119381341909821	0.31332292594471756	)
		(	0.040333122097857055	0.30437319283026343	0.18067374948243362	0.474619935589446	)
		(	0.2939800835574309	0.281268838499513	0.19909877566513287	0.2256523022779231	)
		(	0.2409528713729946	0.1761768902641636	0.14591392991474908	0.4369563084480927	));
}
potential ( CKNN_12_15 | CKND_12_00 CKNN_12_00 )
{
	data = (((	0.525000701460115	0.12633267429296122	0.3486666242469238	)
		(	0.6209531422498075	0.31492481811522444	0.06412203963496824	)
		(	0.22863878082794098	0.4419925947249396	0.32936862444711945	))
		((	0.2964653089151225	0.3404495138172188	0.3630851772676588	)
		(	0.25188093526874056	0.33008536450613213	0.41803370022512737	)
		(	0.40965531088207124	0.3873164939615781	0.20302819515635054	))
		((	0.24579160809057976	0.18596571095663675	0.5682426809527835	)
		(	0.3646449176212415	0.5272936697765311	0.10806141260222735	)
		(	0.41980327345534046	0.45593907100620623	0.12425765553845342	)));
}
potential ( CKNN_12_30 | CKND_12_15 CKNN_12_15 )
{
	data = (((	0.206808407834218	0.5386440561217776	0.25454753604400454	)
		(	0.5950852757016941	0.06007419513637468	0.3448405291619312	)
		(	0.5160509032423676	0.37406928751797625	0.10987980923965616	))
		((	0.1518712667158339	0.48120498886889995	0.36692374441526615	)
		(	0.27372209751464466	0.5566321891777565	0.1696457133075988	)
		(	0.34122547843892	0.292124657476721	0.3666498640843591	))
		((	0.4760463343853343	0.4962239785985101	0.02772968701615561	)
		(	0.29805365860493227	0.2666593744133267	0.4352869669817411	)
		(	0.04751531988485683	0.5809532710636983	0.3715314090514449	)));
}
potential ( CKNN_12_45 | CKND_12_30 CKNN_12_30 )
{
	data = (((	0.2776573758016732	0.175371230563458	0.5469713936348688	)
		(	0.14560458796473738	0.450393316595102	0.4040020954401606	)
		(	0.19021482320089658	0.34196462467717853	0.4678205521219249	))
		((	0.3667654182338331	0.5496649938333938	0.08356958793277304	)
		(	0.404169667553948	0.36810324930189436	0.22772708314415763	)
		(	0.09713221685783888	0.7856086373031841	0.11725914583897706	))
		((	0.6500913546589527	0.33539918636783145	0.014509458973215844	)
		(	0.2843070713015637	0.29975747685022186	0.41593545184821434	)
		(	0.03420051765085971	0.437954050330444	0.5278454320186963	)));
}
potential ( CKND_12_15 | CKNI_12_00 CKND_12_00 CKNN_12_00 )
{
	data = ((((	0.13034078596183932	0.4389894540610168	0.43066975997714374	)
		(	0.2916821858242025	0.42381551692322245	0.284502297252575	)
		(	0.00764613059476806	0.3560956071166777	0.6362582622885542	))
		((	0.21486215025358718	0.44559107082994615	0.33954677891646656	)
		(	0.029949043139200496	0.5939335078513375	0.3761174490094619	)
		(	0.6030303119460899	0.32875095884806854	0.0682187292058416	))
		((	0.36333604184762974	0.5090513296918414	0.1276126284605288	)
		(	0.34855747607069143	0.6244600445120567	0.026982479417251782	)
		(	0.7509774313183987	0.17958736087707763	0.06943520780452345	)))
		(((	0.3544301746470935	0.49487711360143594	0.15069271175147056	)
		(	0.1443506532604065	0.357881407856954	0.4977679388826395	)
		(	0.061481175402646845	0.8011858900211546	0.13733293457619852	))
		((	0.44141206578522385	0.31398525786745396	0.24460267634732225	)
		(	0.405691147116991	0.2119413424729031	0.38236751041010597	)
		(	0.2304351378920899	0.35008261974176547	0.41948224236614473	))
		((	0.38597874938310806	0.3748060123052964	0.23921523831159558	)
		(	0.27552907550674083	0.44338907605041555	0.2810818484428437	)
		(	0.14102226966874365	0.1630146659914218	0.6959630643398346	)))
		(((	0.22153342308658772	0.6992831728078479	0.07918340410556451	)
		(	0.34825379323470435	0.6359926653796962	0.015753541385599368	)
		(	0.34600769075860816	0.29350138678237986	0.36049092245901204	))
		((	0.6072323095317445	0.3034109594119234	0.08935673105633213	)
		(	0.5269180230597549	0.32763699402162355	0.1454449829186216	)
		(	0.6894398094094982	0.3005231903564961	0.010037000234005672	))
		((	0.4899907936725563	0.43801538387570954	0.07199382245173408	)
		(	0.03355602439649802	0.34427820429456496	0.622165771308937	)
		(	0.18698390761299175	0.47692346583594525	0.33609262655106303	))));
}
potential ( CKND_12_30 | CKNI_12_15 CKND_12_15 CKNN_12_15 )
{
	data = ((((	0.27923511188077565	0.28425852786915196	0.4365063602500724	)
		(	0.4828970469598189	0.39397914460844313	0.1231238084317379	)
		(	0.29640887049592707	0.1317557203893471	0.5718354091147259	))
		((	0.010401294613003202	0.6200741909187714	0.36952451446822543	)
		(	0.11501706513037926	0.5268032016904997	0.3581797331791211	)
		(	0.36147950541617196	0.40878585957029157	0.2297346350135364	))
		((	0.5685750759304837	0.08959812427437686	0.3418267997951394	)
		(	0.42318757293586384	0.4665629299735883	0.11024949709054782	)
		(	0.5802326335097931	0.26083591293506253	0.1589314535551443	)))
		(((	0.19125606952566826	0.46507585528010004	0.3436680751942317	)
		(	0.24182747585717637	0.17102298394599966	0.5871495401968241	)
		(	0.09914993402289049	0.5842068008987564	0.3166432650783531	))
		((	0.34057951127975533	0.2462161747225907	0.41320431399765406	)
		(	0.076808026802547	0.5141024185192506	0.4090895546782024	)
		(	0.1960097907257335	0.5590244303848112	0.24496577888945534	))
		((	0.4178465309032567	0.3943243185466634	0.18782915055008	)
		(	0.3726818173541908	0.3312322187885765	0.2960859638572327	)
		(	0.19963665910206635	0.4301037960396805	0.37025954485825313	)))
		(((	0.24601336029226747	0.03147751049011848	0.722509129217614	)
		(	0.6464582113908466	0.19293353083745365	0.1606082577716997	)
		(	0.36048886764345006	0.22008223735285168	0.4194288950036982	))
		((	0.5185137960145438	0.448198283135984	0.03328792084947222	)
		(	0.07074388111123138	0.4474320996446887	0.4818240192440798	)
		(	0.22372451399066673	0.4721826219925107	0.3040928640168227	))
		((	0.1354223280185591	0.4528904402468552	0.41168723173458577	)
		(	0.06414453946132824	0.49926109987786293	0.43659436066080887	)
		(	0.33498576621430615	0.6317797001226848	0.03323453366300882	))));
}
potential ( CKND_12_45 | CKNI_12_30 CKND_12_30 CKNN_12_30 )
{
	data = ((((	0.35684689181601126	0.20830015797817822	0.4348529502058105	)
		(	0.38578707719133	0.3499739730602742	0.2642389497483958	)
		(	0.4123103761290991	0.025306704404288418	0.5623829194666125	))
		((	0.6250840022793044	0.15265297697835278	0.22226302074234283	)
		(	0.5723307876794914	0.286657274021206	0.14101193829930245	)
		(	0.5149225198941467	0.42526794956747843	0.059809530538374754	))
		((	0.5376665923860167	0.24144445500592526	0.2208889526080581	)
		(	0.40287117749958307	0.4469848002078029	0.1501440222926141	)
		(	0.49397025773620074	0.02842800212798237	0.4776017401358169	)))
		(((	0.27014740012383925	0.041166740147133056	0.6886858597290277	)
		(	0.5379921495414961	0.23270802343557595	0.22929982702292795	)
		(	0.5356527650830393	0.21711122006253455	0.24723601485442606	))
		((	0.06455580905660659	0.5172739262459504	0.41817026469744306	)
		(	0.3775248624677943	0.6054195968296221	0.017055540702583596	)
		(	0.22649122026169585	0.47809106035744925	0.2954177193808551	))
		((	0.4370535146620336	0.4796092364405216	0.08333724889744466	)
		(	0.1429555759382533	0.7738245741400246	0.08321984992172206	)
		(	0.1529679922674922	0.3932277326405382	0.4538042750919696	)))
		(((	0.3610744965176036	0.09088047078205452	0.5480450327003419	)
		(	0.4239302017801881	0.5407738497071014	0.03529594851271041	)
		(	0.3513237676679859	0.2750463208069898	0.37362991152502434	))
		((	0.25321591457760523	0.2190964016759002	0.5276876837464946	)
		(	0.5276915768521108	0.4660343703996611	0.00627405274822813	)
		(	0.5198649183859197	0.38840894062259135	0.09172614099148887	))
		((	0.1005312980874748	0.817708158450392	0.08176054346213328	)
		(	0.5097965976028644	0.13790046296211972	0.35230293943501595	)
		(	0.36582035287023523	0.2696932287499008	0.3644864183798638	))));
}
potential ( CBODN_12_15 | CBODD_12_00 CBODN_12_00 CNON_12_00 )
{
	data = ((((	0.21270177601605414	0.2928238054651524	0.18515818188361305	0.3093162366351805	)
		(	0.2317953189747955	0.20980530993504298	0.2625284557559503	0.29587091533421106	)
		(	0.3472965305596623	0.234517071716369	0.3094054506284058	0.1087809470955629	)
		(	0.07655187590975984	0.34130999763788605	0.17200594087078433	0.4101321855815698	))
		((	0.06780892635656022	0.17814838396332197	0.3086270803209468	0.44541560935917096	)
		(	0.03891334501097597	0.23414801323292073	0.28612045903267863	0.4408181827234247	)
		(	0.20681492566689139	0.2066670037122639	0.3662053427383674	0.22031272788247733	)
		(	0.4663293578513965	0.02271236027552253	0.3701031897901683	0.14085509208291258	))
		((	0.06736907847118959	0.24043900797159268	0.3859261907155013	0.30626572284171627	)
		(	0.30492819553948164	0.1887264441517753	0.3654075261561513	0.14093783415259184	)
		(	0.023310112240255112	0.2945624092815141	0.49578694831760195	0.1863405301606288	)
		(	0.08837001738436562	0.20805093605833638	0.293374199962008	0.41020484659529	))
		((	0.22291255405727076	0.2042874230831346	0.2786652332353834	0.29413478962421125	)
		(	0.2545771457036068	0.3007519709110969	0.1603021906510575	0.2843686927342388	)
		(	0.1392171315086213	0.6345394371281478	0.014146724549403881	0.2120967068138272	)
		(	0.2545149237301507	0.30218727749837104	0.23248072731789735	0.21081707145358083	)))
		(((	0.08174149233221735	0.4205157603722111	0.14387564514066398	0.3538671021549076	)
		(	0.40376811003344537	0.17579639373649503	0.41695832994323834	0.0034771662868211964	)
		(	0.1972232169479372	0.1223672980492973	0.2735521420000309	0.40685734300273463	)
		(	0.12939310894310702	0.44259822552693084	0.2269163956774578	0.20109226985250434	))
		((	0.10236974346300942	0.5211549133134599	0.08096287644835892	0.2955124667751719	)
		(	0.29321721086561514	0.03292910297233868	0.25045420595076007	0.423399480211286	)
		(	0.30075042213522246	0.2514096084366767	0.4343041417449992	0.013535827683101652	)
		(	0.3114382673985947	0.20077660060754712	0.4463693271384389	0.04141580485541909	))
		((	0.2518983833110555	0.12441197481278567	0.3355661803703254	0.28812346150583346	)
		(	0.04177303144412977	0.41489072671392296	0.09313434637802386	0.4502018954639235	)
		(	0.050038894206664256	0.41460657018138575	0.21659475328889846	0.3187597823230514	)
		(	0.382991483772387	0.06134156151906931	0.38112656908621056	0.174540385622333	))
		((	0.4573009451651483	0.09649440983153865	0.33771825604779004	0.10848638895552307	)
		(	0.15639537355313757	0.2926400999588672	0.25846742104468035	0.292497105443315	)
		(	0.2003937044664723	0.20409597879822677	0.06056335540526211	0.5349469613300388	)
		(	0.28111646497437165	0.1488433701705838	0.32785268748980884	0.24218747736523583	)))
		(((	0.3522582116294889	0.14809510048057015	0.2631876411606566	0.2364590467292844	)
		(	0.27405388486822024	0.2633613906616974	0.1981945720222174	0.26439015244786496	)
		(	0.26544060955688775	0.30287719151294457	0.09969306394518014	0.33198913498498756	)
		(	0.09036206235506168	0.37341046836222896	0.22529841896850294	0.3109290503142064	))
		((	0.22489464134939738	0.2105835159962529	0.292605866179006	0.27191597647534366	)
		(	0.40755494833751005	0.24097260383700547	0.03430086359689793	0.31717158422858654	)
		(	0.33704129566555324	0.07372682933585106	0.36056102904879267	0.22867084594980291	)
		(	0.20813240607684363	0.05400358639427679	0.6476775213329727	0.0901864861959069	))
		((	0.2786282452916801	0.045126534350917444	0.310073718196555	0.3661715021608475	)
		(	0.10250235258272286	0.3304625634929901	0.3904808939069294	0.17655419001735753	)
		(	0.19918759932968044	0.10996347167105802	0.6099020670107725	0.08094686198848887	)
		(	0.183189492023982	0.14666884506054792	0.35929848897850075	0.3108431739369693	))
		((	0.04914550956138645	0.11195496966252927	0.5040097324134091	0.33488978836267513	)
		(	0.48402078389213793	0.18720816403852786	0.018407965805347704	0.3103630862639866	)
		(	0.34977480901113384	0.22641746998241785	0.2010381093858834	0.2227696116205648	)
		(	0.38543051330123745	0.27050872740490395	0.015699586485075245	0.3283611728087834	)))
		(((	0.390490627957121	0.289307042091265	0.2619370885324479	0.058265241419166086	)
		(	0.06690167216535263	0.3122327119062869	0.5948586142842222	0.026007001644138446	)
		(	0.019263861875567487	0.2192215637235973	0.37791429749124955	0.3836002769095857	)
		(	0.1459152626901233	0.3048517984920004	0.36349393827735094	0.1857390005405254	))
		((	0.1831996219344118	0.4272885413803686	0.09824147118472422	0.2912703655004954	)
		(	0.0688157736981582	0.495225697020684	0.23066096775493272	0.20529756152622503	)
		(	0.37073468403139553	0.22003216341562223	0.04548109862514377	0.36375205392783844	)
		(	0.06408983687296838	0.25855706024567415	0.3071974709126789	0.3701556319686786	))
		((	0.23072106667621445	0.11429856781396203	0.37109038855614424	0.2838899769536792	)
		(	0.23570632710715717	0.3816955138002686	0.2327027222251604	0.14989543686741372	)
		(	0.12259244622193387	0.30536275365487114	0.2407936937812887	0.3312511063419063	)
		(	0.5891886398634514	0.15084149263662058	0.002223389286101542	0.2577464782138264	))
		((	0.07432441611360885	0.19474056532472017	0.44813617423044333	0.28279884433122765	)
		(	0.416219792837545	0.08470844502217549	0.06724125074056518	0.43183051139971435	)
		(	0.05629050498600288	0.2867449795062757	0.3504959951865045	0.3064685203212169	)
		(	0.4202754473529694	0.4561199956229966	0.07227783095764295	0.05132672606639108	))));
}
potential ( CNOD_12_15 | CBODD_12_00 CNOD_12_00 CNON_12_00 )
{
	data = ((((	0.3211773716077334	0.44410562432779294	0.004911052535586359	0.22980595152888736	)
		(	0.3070567141200566	0.06642562926398647	0.2995124258446582	0.32700523077129867	)
		(	0.3224857771923001	0.062071663623825636	0.3484597398771973	0.26698281930667683	)
		(	0.45676880379998236	0.039086992496594655	0.22141479655141647	0.2827294071520065	))
		((	0.2464230797439513	0.0147740005403555	0.3614218694150549	0.37738105030063834	)
		(	0.0778598847923304	0.034200835888641014	0.5095300313465919	0.37840924797243675	)
		(	0.003557355577741235	0.2844237784095046	0.43728970074221124	0.2747291652705429	)
		(	0.34641107799158155	0.11646969804352653	0.4519802745190795	0.08513894944581239	))
		((	0.2224734460991691	0.3035234018534147	0.43228030453586774	0.0417228475115486	)
		(	0.14957704583023423	0.281495775963016	0.32147488346427033	0.24745229474247937	)
		(	0.12959032501992296	0.4149764270810261	0.3410265631192628	0.11440668477978808	)
		(	0.08819328326867486	0.1099723663502966	0.4303817203842159	0.3714526299968128	))
		((	0.2632471369842382	0.20867608673338484	0.2393709136169763	0.2887058626654006	)
		(	0.39329777142094974	0.20747669859448925	0.19534628208834656	0.2038792478962144	)
		(	0.24492238290538648	0.14138829620574245	0.5244231584230782	0.0892661624657928	)
		(	0.32292991210229455	0.21144701194335427	0.12859928107324894	0.33702379488110223	)))
		(((	0.27288849854444297	0.10122552293525712	0.27307289287164055	0.35281308564865943	)
		(	0.06433840934525827	0.21186852509458587	0.39635846715067846	0.3274345984094773	)
		(	0.19409005295943219	0.2917455857926176	0.27892438213163884	0.23523997911631137	)
		(	0.42988547273809197	0.0017330990158450318	0.4245675030179756	0.14381392522808742	))
		((	0.3048941763060596	0.3169791322295675	0.34195931698200976	0.03616737448236312	)
		(	0.29109124687460847	0.13811985670190693	0.2763546210080062	0.29443427541547845	)
		(	0.015712471402607443	0.4746502616314935	0.10809092759970229	0.40154633936619677	)
		(	0.26139325879532593	0.39863703768863457	0.2544469464292702	0.08552275708676929	))
		((	0.4556604406107997	0.3331268190738172	0.1920764298818507	0.0191363104335323	)
		(	0.4533562575286513	0.10586356907464758	0.29727135986340103	0.14350881353330014	)
		(	0.2664507993325007	0.10073952141459433	0.4736813473596092	0.15912833189329575	)
		(	0.25355336601809	0.33225339215854266	0.28582522099794605	0.12836802082542134	))
		((	0.04950763549891266	0.41862036808954795	0.18967338638237702	0.3421986100291624	)
		(	0.3619342050281637	0.1247880660251919	0.3354239262949407	0.17785380265170375	)
		(	0.37350823148895285	0.1750067147297699	0.14153757190260347	0.30994748187867366	)
		(	0.3081837792043959	0.22320033568903538	0.26055809151174203	0.20805779359482662	)))
		(((	0.32334290447011116	0.07885475774666742	0.5677534325084187	0.030048905274802723	)
		(	0.49926649073207	0.09515002854775102	0.2662475534101223	0.13933592731005673	)
		(	0.31261511675915366	0.35877724964507524	0.16222837003153207	0.16637926356423902	)
		(	0.09113741184485434	0.09820563225323804	0.35686550395353717	0.45379145194837045	))
		((	0.3791168707981612	0.10501410017507523	0.3408142044255227	0.17505482460124086	)
		(	0.17337683045196592	0.24532086115028137	0.3270075204363706	0.254294787961382	)
		(	0.3432467907403912	0.12353298710015849	0.16424507677747685	0.3689751453819735	)
		(	0.3760031816800402	0.10184411967655267	0.14561851735496167	0.3765341812884454	))
		((	0.20786365836629764	0.3133451152512423	0.3462996668040778	0.13249155957838238	)
		(	0.6808409377331286	0.11448952172553022	0.021218901800021568	0.1834506387413196	)
		(	0.1855828641710926	0.22052204864363853	0.273743865055544	0.320151222129725	)
		(	0.31689134496537263	0.008248968175746219	0.12083909172912108	0.5540205951297601	))
		((	0.32350520643609376	0.34925431147346636	0.15131135031003148	0.17592913178040837	)
		(	0.13218843367006894	0.27116291418149774	0.2623832787647047	0.33426537338372864	)
		(	0.4659490552238733	0.19924142841377113	0.25767544945505855	0.07713406690729703	)
		(	0.35247208223309745	0.225907439049041	0.2939186078146921	0.12770187090316937	)))
		(((	0.2786043097177651	0.15850789868528856	0.08314202417632317	0.47974576742062314	)
		(	0.35612472846337745	0.11777508114422244	0.17436664198175125	0.3517335484106489	)
		(	0.3726198240019414	0.16676651085420222	0.27142745156306636	0.1891862135807902	)
		(	0.23823177155273836	0.3071405305355816	0.28297749563388697	0.17165020227779312	))
		((	0.39980812447338504	0.10709300808985632	0.2749165714308828	0.2181822960058759	)
		(	0.23708382902475028	0.24172607653909875	0.25277895816193535	0.26841113627421553	)
		(	0.11516691179104804	0.40786657433541323	0.24564523174009342	0.23132128213344533	)
		(	0.2905402597207497	0.26604393131016374	0.24742678845373217	0.1959890205153544	))
		((	0.3645592684192875	0.08404267934035177	0.2963389111382011	0.25505914110215966	)
		(	0.6027614416201815	0.08746170719252733	0.2553119165471968	0.05446493464009445	)
		(	0.25474745900916984	0.04779038246692525	0.38996628536607225	0.3074958731578327	)
		(	0.21500863355810748	0.3603801884652037	0.22776233595331288	0.196848842023376	))
		((	0.3326606010863799	0.2035925127755291	0.002526710070266054	0.46122017606782495	)
		(	0.2148108171144813	0.4453917384647966	0.2922786705512969	0.04751877386942523	)
		(	0.22562119312220977	0.1000620493115236	0.503306358865996	0.17101039870027074	)
		(	0.2316473634537728	0.3089218889205659	0.2799230378681499	0.17950770975751137	))));
}
potential ( CBODN_12_30 | CBODD_12_15 CBODN_12_15 CNON_12_15 )
{
	data = ((((	0.092849036840457	0.6396983752007729	0.26302914439203756	0.004423443566732722	)
		(	0.23675241741809286	0.46660757636776873	0.18167164515537942	0.11496836105875897	)
		(	0.09832316997347688	0.4197673915938802	0.09343076202762786	0.388478676405015	)
		(	0.28725780224487546	0.17307541524532485	0.17822504969340808	0.36144173281639164	))
		((	0.2477723122489817	0.5691439768517114	0.08303939324092773	0.10004431765837923	)
		(	0.011597620164673894	0.10120550805727531	0.3847896999139856	0.5024071718640652	)
		(	0.2629466934370116	0.14597560364448955	0.27370229424788556	0.3173754086706133	)
		(	0.1144898346545643	0.38893191448779113	0.35141042304081943	0.1451678278168252	))
		((	0.31427046557981003	0.2888173464667514	0.2073887587016243	0.18952342925181423	)
		(	0.45251772709448196	0.2948500601260493	0.19462891296746365	0.058003299812005235	)
		(	0.10956967495054902	0.2451895321068016	0.40744282911618324	0.2377979638264662	)
		(	0.13532986306555717	0.38824800869177145	0.4744309254512453	0.0019912027914261166	))
		((	0.2999071518301142	0.30691495954984593	0.09915731800207475	0.29402057061796505	)
		(	0.4460389931074195	0.005182507986855277	0.1619333347500401	0.3868451641556851	)
		(	0.21404309950860714	0.009217108177374889	0.47365333456483877	0.3030864577491793	)
		(	0.3925150180933265	0.29138136966582745	0.2960713363557433	0.020032275885102837	)))
		(((	0.08935734429664313	0.2940954823085932	0.6089797046607932	0.007567468733970504	)
		(	0.23524198330088283	0.2634332391125985	0.1583938665818747	0.342930911004644	)
		(	0.37806086648983667	0.035598261988343594	0.44320789425448115	0.14313297726733862	)
		(	0.45804789274407415	0.4834014603104438	0.04013669210959682	0.018413954835885232	))
		((	0.06644282055381837	0.3993035111570106	0.2549493931544721	0.27930427513469896	)
		(	0.011781681414485767	0.4721494881560523	0.40777289829643515	0.1082959321330268	)
		(	0.28625239224434423	0.16268906545554393	0.2912423233782633	0.2598162189218486	)
		(	0.34432155540092124	0.147113784543626	0.41395951719786106	0.09460514285759161	))
		((	0.3787629565546026	0.12500656962612888	0.11766912536072278	0.3785613484585457	)
		(	0.3342572145241611	0.26850888896478375	0.3077962860461319	0.08943761046492332	)
		(	0.017671274275307715	0.2235537020102108	0.2514598809553163	0.5073151427591652	)
		(	0.3497837625062264	0.3527334029968921	0.1271117489033681	0.17037108559351333	))
		((	0.1323533003539645	0.41415497630806625	0.31808138781130557	0.13541033552666354	)
		(	0.42460598372918457	0.23946239711325848	0.17412191352625359	0.16180970563130329	)
		(	0.4403548095776362	0.14185637732932707	0.33118596155547086	0.08660285153756597	)
		(	0.5196040752044158	0.06178433626110378	0.05267172524333874	0.3659398632911418	)))
		(((	0.4242621427656452	0.05828310936753957	0.2173394433955863	0.3001153044712289	)
		(	0.21470746733222365	0.40025090082608766	0.16125399631683632	0.2237876355248525	)
		(	0.3301008736994879	0.14733733493299805	0.1873314736090885	0.33523031775842566	)
		(	0.4748814799405207	0.3461044849901434	0.0567684484072121	0.12224558666212376	))
		((	0.09745978895865169	0.4894237793376723	0.41224391344941724	8.725182542587749E-4	)
		(	0.30492014245078936	0.35065795395872407	0.2869300143081034	0.057491889282383295	)
		(	0.4678598490768975	0.25368470732053167	0.0864240758595399	0.19203136774303103	)
		(	0.10866887338370752	0.5444165983918536	0.30799705528250104	0.03891747294193782	))
		((	0.07624809722579105	0.5633660388785188	0.004202079514493645	0.35618378438119663	)
		(	0.03215866748533891	0.44060634104413066	0.48057863394608713	0.04665635752444344	)
		(	0.04169726542587686	0.24078452467872433	0.30858874120891133	0.40892946868648744	)
		(	0.4955861681013305	0.13997970791610256	0.20089134404483042	0.1635427799377365	))
		((	0.020100037169768402	0.2772808505942449	0.25463619003219085	0.44798292220379576	)
		(	0.24459945871927274	0.4448403182479956	0.3065711280371021	0.0039890949956295114	)
		(	0.06764932923561663	0.5335756989598902	0.03173675723292136	0.3670382145715719	)
		(	0.2848792641013545	0.20493003292167555	0.12902655084098272	0.3811641521359872	)))
		(((	0.6002189950333338	0.22827144417922368	0.1673839022628026	0.00412565852463994	)
		(	0.21484421262107412	0.23796579121759937	0.33183699917497284	0.2153529969863537	)
		(	0.4009511451332135	0.26739939584831474	0.0676480996765919	0.2640013593418798	)
		(	0.17906432839476885	0.03285064774775151	0.5049140679727722	0.28317095588470736	))
		((	0.00697089339759511	0.619074765657569	0.10163886398376334	0.27231547696107256	)
		(	0.42563551647687703	0.32635687571189703	0.22566401242399595	0.022343595387230027	)
		(	0.17229196092338736	0.44976267577023865	0.25763342188167504	0.12031194142469893	)
		(	0.375590160369965	0.111590255376999	0.23725431527911295	0.2755652689739229	))
		((	0.23009433151587613	0.2653430073500862	0.12675210120989658	0.37781055992414114	)
		(	0.3590896831864416	0.4164186932872867	0.09706819083861955	0.1274234326876523	)
		(	0.2595531897998637	0.38935980503899864	0.25746805764509884	0.0936189475160389	)
		(	0.25795141263685833	0.044905089956357745	0.620834166351077	0.07630933105570686	))
		((	0.33370417444701045	0.33228363052695353	0.2834742653423664	0.05053792968366972	)
		(	0.3113623450804572	0.22054060476842802	0.28105880866950167	0.1870382414816131	)
		(	0.22540051413634918	0.25975978606244005	0.08796362809363985	0.4268760717075711	)
		(	0.2009780397209659	0.28495114131300175	0.17677748922314226	0.33729332974288995	))));
}
potential ( CNOD_12_30 | CBODD_12_15 CNOD_12_15 CNON_12_15 )
{
	data = ((((	0.17879051328027884	0.2588991955665496	0.009413330222416832	0.5528969609307547	)
		(	0.36257558856093364	0.10640821970199182	0.2713991726190557	0.2596170191180189	)
		(	0.11293955078162138	0.41951296924416187	0.056903612892911085	0.4106438670813056	)
		(	0.31910281898357146	0.23866770582838603	0.09528621663369304	0.3469432585543495	))
		((	0.41870401077819386	0.1846288531385897	0.2551410778471269	0.14152605823608952	)
		(	0.30527931835343164	0.25634236930449333	0.43313947268717207	0.005238839654902939	)
		(	0.4336160769382269	0.14869655987331792	0.3372528433284084	0.08043451986004668	)
		(	0.7352216533375631	0.07905875764125704	0.18271650186632954	0.003003087154850362	))
		((	0.0848743555452603	0.16606365256558941	0.3141081958995816	0.4349537959895687	)
		(	0.16310860856764037	0.23658523073727356	0.36615387256057685	0.2341522881345092	)
		(	0.24822231278409662	0.2542915777872945	0.08209527233787949	0.4153908370907295	)
		(	0.038573876557467676	0.04740751522071282	0.5417928878829954	0.37222572033882406	))
		((	0.3232225920363707	0.23773734764131016	0.2677729954954347	0.17126706482688434	)
		(	0.3400166108252369	0.3402955892754815	0.09573466523073655	0.22395313466854516	)
		(	0.20013085209272832	0.4093784409073884	0.19055684909439383	0.19993385790548943	)
		(	0.599600723331103	0.007918322772719349	0.1892238908254695	0.203257063070708	)))
		(((	0.14720726026024444	0.13667247344842726	0.3677574491779439	0.3483628171133844	)
		(	0.3140556778992934	0.28775900213219385	0.06392885593541292	0.33425646403309994	)
		(	0.08617561534387318	0.24095503595301582	0.15291745481880686	0.5199518938843042	)
		(	0.4552647964658249	0.1766824417740932	0.17292705575365622	0.1951257060064258	))
		((	0.06430290314078743	0.06657312804465373	0.513408376577322	0.35571559223723687	)
		(	0.17309632492440913	0.4203991638453637	0.18112462804963467	0.22537988318059252	)
		(	0.45936845647933916	0.1689443422165836	0.06415388397481238	0.3075333173292649	)
		(	0.33841554722868317	0.3710868834844876	0.06942215525626164	0.22107541403056769	))
		((	0.25459790031987073	0.24434404782782468	0.4687100254166606	0.03234802643564403	)
		(	0.2371646257312943	0.2537148182838417	0.29291093352585756	0.21620962245900643	)
		(	0.2823513127845867	0.26492747978696474	0.29563340451289427	0.15708780291555444	)
		(	0.27263078186431494	0.3077743842760415	0.1145903368295099	0.3050044970301337	))
		((	0.11310496299177927	0.427896264770884	0.06550918128687236	0.39348959095046426	)
		(	0.16807306095617214	0.2265003599189725	0.3113530639929129	0.2940735151319426	)
		(	0.217256282939754	0.4541914641931711	0.07125219615059906	0.2573000567164758	)
		(	0.28463385936273655	0.27420729766985097	0.10651706680086173	0.3346417761665506	)))
		(((	0.28271318637196097	0.17091355005763645	0.18171377757576396	0.3646594859946385	)
		(	0.3037633373987715	0.47169571969065643	0.11111024137177229	0.11343070153879967	)
		(	0.21033129454150964	0.31678427497715045	0.2936294177791476	0.17925501270219238	)
		(	0.37190028833702116	0.38505968288078074	0.06505755137108085	0.1779824774111173	))
		((	0.3631752468256939	0.3168428178421108	0.07146071677494624	0.24852121855724912	)
		(	0.023327484969162947	0.4282902589827615	0.18981605859968922	0.3585661974483864	)
		(	0.43114502506431585	0.07576355665171995	0.3318327444052448	0.16125867387871945	)
		(	0.3925898120818928	0.1981212914949886	0.19127600920261442	0.21801288722050416	))
		((	0.3143318829683977	0.21866675629389704	0.3073526974462786	0.15964866329142668	)
		(	0.21171740151241064	0.5301470207436094	0.08226735172121298	0.17586822602276697	)
		(	0.3556466374845204	0.22052388165183073	0.24747589157061176	0.17635358929303716	)
		(	0.13927359310920587	0.2991442480487456	0.31838213186051234	0.24320002698153623	))
		((	0.3521148065095621	0.2574608398438796	0.017807007694395652	0.37261734595216267	)
		(	0.26956364560213164	0.23265289939684833	0.2895640349316011	0.20821942006941896	)
		(	0.27965737099204774	0.006820047037948834	0.3600277369402211	0.3534948450297823	)
		(	0.2827798399917135	0.2061163443998381	0.08784477395218623	0.42325904165626216	)))
		(((	0.35643472162855805	0.21971619724980418	0.3277739114745856	0.09607516964705208	)
		(	0.11367178734834602	0.26739902634219354	0.18338406576730584	0.4355451205421546	)
		(	0.05928389260096768	0.39426716912403786	0.21334455464105098	0.3331043836339434	)
		(	0.3016375569740379	0.21593762542346176	0.31131701472853757	0.17110780287396282	))
		((	0.2534490653080482	0.37707879952745704	0.11434767194473755	0.2551244632197571	)
		(	0.5356855476877072	0.09237465476581325	0.006937727609821227	0.36500206993665846	)
		(	0.13329048769798252	0.009322358560467224	0.2774595352962458	0.5799276184453044	)
		(	0.257806567797616	0.37499513485973734	0.05902732761386018	0.30817096972878627	))
		((	0.10588728551608914	0.6562158618780265	0.07140121797428543	0.16649563463159892	)
		(	0.16315711749671893	0.12856583678613592	0.46706090306894843	0.24121614264819666	)
		(	0.1939166335872006	0.2479342439892537	0.301524275195656	0.25662484722788953	)
		(	0.08066089874493129	0.11623396948580006	0.378524885952082	0.4245802458171868	))
		((	0.2935518398446114	0.23239543127198797	0.30577589538813377	0.16827683349526698	)
		(	0.40701503837280806	0.010829005193523937	0.09866497108922885	0.48349098534443913	)
		(	0.3484630932039325	0.17439570656295098	0.35676062828099	0.12038057195212665	)
		(	0.11771533561135517	0.3609766601162345	0.1436059681800145	0.3777020360923959	))));
}
potential ( CBODN_12_45 | CBODD_12_30 CBODN_12_30 CNON_12_30 )
{
	data = ((((	0.45397448104158383	0.3339607787447954	0.14888075050511437	0.06318398970850653	)
		(	0.5848484043375766	0.26230846345249026	0.09068210184523248	0.06216103036470065	)
		(	0.2790808275264849	0.17467370082480294	0.24143277909752398	0.3048126925511881	)
		(	0.3410867390662816	0.03442987035086567	0.4039571000519294	0.22052629053092343	))
		((	0.24892117495350485	0.18122458121584184	0.4647693028846421	0.10508494094601126	)
		(	0.3119957364748774	0.23520074673783198	0.3101337424843245	0.1426697743029661	)
		(	0.3445086898784769	0.08708645536199311	0.368276544966377	0.20012830979315294	)
		(	0.280118070263731	0.10978833041438624	0.5259858356009199	0.08410776372096285	))
		((	0.16880748208412538	0.09901407067193728	0.40446051122000104	0.32771793602393623	)
		(	0.47833895210436594	0.0057341880334097865	0.21234689564615533	0.30357996421606903	)
		(	0.27531687619502515	0.1803932302295569	0.3761494609959435	0.1681404325794744	)
		(	0.33022971956306335	0.0943482447570596	0.2521240369267667	0.3232979987531103	))
		((	0.13679477791268352	0.40425598794327366	0.18732186815218319	0.2716273659918597	)
		(	0.40380330806260095	0.2724775480149018	0.09213676072128389	0.23158238320121333	)
		(	0.3016439770643042	0.2981865983178923	0.34396641608271694	0.05620300853508666	)
		(	0.3635737505294025	0.31308741348596997	0.04450107627765247	0.2788377597069751	)))
		(((	0.3471704487708879	0.03898064118906598	0.33221747859325257	0.28163143144679353	)
		(	0.3780823708982899	0.2992916307256913	0.15356975742434978	0.16905624095166896	)
		(	0.20607262261278803	0.6069243721653685	0.1327614835796538	0.05424152164218965	)
		(	0.08910475810019326	0.20301464896881	0.3925413840893903	0.3153392088416065	))
		((	0.4645716608932228	0.05603766944973618	0.3622937231212302	0.1170969465358109	)
		(	0.2885556480128519	0.29548665452308526	0.11660341144151815	0.2993542860225447	)
		(	0.23607824421532808	0.33703758729118405	0.1345199076344047	0.2923642608590832	)
		(	0.18126918570349607	0.42278996082493076	0.06369069314887338	0.33225016032269983	))
		((	0.24462799344711317	0.2642545721962337	0.3241649220601868	0.16695251229646627	)
		(	0.40030059649719596	0.16716866355281076	0.34782637460193855	0.08470436534805477	)
		(	0.41776305100648825	0.09181243191529875	0.26036390495803813	0.23006061212017492	)
		(	0.06986739990650609	0.569256817454734	0.08312955743338163	0.2777462252053783	))
		((	0.3542900862320172	0.33561516345534514	0.05678234256335366	0.253312407749284	)
		(	0.3532493086747047	0.33195049168281326	0.20562974423435876	0.10917045540812322	)
		(	0.1426645386483212	0.3681241027158196	0.34556887137340053	0.1436424872624586	)
		(	0.2894162264606454	0.3537469288519962	0.26073236011622136	0.096104484571137	)))
		(((	0.3258912772896565	0.3933023939982425	0.10931422941680363	0.17149209929529732	)
		(	0.05845313683298049	0.22501420602564012	0.34661399530756026	0.36991866183381905	)
		(	0.20721246235585525	0.22472684262177683	0.3286549266371946	0.2394057683851733	)
		(	0.03937934541185943	0.1268685920837187	0.40601317575422247	0.4277388867501994	))
		((	0.05531373605686526	0.18965718956347938	0.3797036662795716	0.37532540810008386	)
		(	0.2831518054295419	0.28113619429181114	0.27554735387343315	0.16016464640521388	)
		(	0.48393386574121966	0.10870609196136155	0.2858237624461196	0.12153627985129926	)
		(	0.2346572468294997	0.18275186402461982	0.40144196880563177	0.18114892034024865	))
		((	0.24094702440029878	0.0725911165611205	0.41483229775170816	0.2716295612868726	)
		(	0.4534387224726958	0.1251046988628482	0.21549041326118865	0.20596616540326732	)
		(	0.24715257035997512	0.29830437062183784	0.0733637665629039	0.38117929245528315	)
		(	0.2962776969700872	0.14893716829426223	0.44804640051723243	0.10673873421841822	))
		((	0.27030503813412826	0.47258827574293477	0.03798040659093101	0.21912627953200597	)
		(	0.28546560824548034	0.28698756289765937	0.18370061502711238	0.2438462138297479	)
